   0.00000 ,    0.00000 ,    0.00000
   0.00100 ,    0.00100 ,    0.00100
   0.00200 ,    0.00200 ,    0.00200
   0.00300 ,    0.00300 ,    0.00300
   0.00400 ,    0.00400 ,    0.00400
   0.00500 ,    0.00500 ,    0.00500
   0.00600 ,    0.00600 ,    0.00600
   0.00700 ,    0.00700 ,    0.00700
   0.00800 ,    0.00800 ,    0.00800
   0.00900 ,    0.00900 ,    0.00900
   0.01000 ,    0.01000 ,    0.01000
   0.01100 ,    0.01100 ,    0.01100
   0.01200 ,    0.01200 ,    0.01200
   0.01300 ,    0.01300 ,    0.01300
   0.01400 ,    0.01400 ,    0.01400
   0.01500 ,    0.01500 ,    0.01500
   0.01600 ,    0.01600 ,    0.01600
   0.01700 ,    0.01700 ,    0.01700
   0.01800 ,    0.01800 ,    0.01800
   0.01900 ,    0.01900 ,    0.01900
   0.02000 ,    0.02000 ,    0.02000
   0.02100 ,    0.02100 ,    0.02100
   0.02200 ,    0.02200 ,    0.02200
   0.02300 ,    0.02300 ,    0.02300
   0.02400 ,    0.02400 ,    0.02400
   0.02500 ,    0.02501 ,    0.02500
   0.02600 ,    0.02601 ,    0.02601
   0.02700 ,    0.02701 ,    0.02701
   0.02800 ,    0.02801 ,    0.02801
   0.02900 ,    0.02901 ,    0.02901
   0.03000 ,    0.03001 ,    0.03001
   0.03100 ,    0.03101 ,    0.03101
   0.03200 ,    0.03201 ,    0.03201
   0.03300 ,    0.03301 ,    0.03301
   0.03400 ,    0.03401 ,    0.03401
   0.03500 ,    0.03501 ,    0.03501
   0.03600 ,    0.03602 ,    0.03601
   0.03700 ,    0.03702 ,    0.03702
   0.03800 ,    0.03802 ,    0.03802
   0.03900 ,    0.03902 ,    0.03902
   0.04000 ,    0.04002 ,    0.04002
   0.04100 ,    0.04102 ,    0.04102
   0.04200 ,    0.04202 ,    0.04202
   0.04300 ,    0.04303 ,    0.04303
   0.04400 ,    0.04403 ,    0.04403
   0.04500 ,    0.04503 ,    0.04503
   0.04600 ,    0.04603 ,    0.04603
   0.04700 ,    0.04703 ,    0.04703
   0.04800 ,    0.04804 ,    0.04804
   0.04900 ,    0.04904 ,    0.04904
   0.05000 ,    0.05004 ,    0.05004
   0.05100 ,    0.05104 ,    0.05104
   0.05200 ,    0.05205 ,    0.05205
   0.05300 ,    0.05305 ,    0.05305
   0.05400 ,    0.05405 ,    0.05405
   0.05500 ,    0.05506 ,    0.05505
   0.05600 ,    0.05606 ,    0.05606
   0.05700 ,    0.05706 ,    0.05706
   0.05800 ,    0.05807 ,    0.05806
   0.05900 ,    0.05907 ,    0.05907
   0.06000 ,    0.06007 ,    0.06007
   0.06100 ,    0.06108 ,    0.06107
   0.06200 ,    0.06208 ,    0.06208
   0.06300 ,    0.06308 ,    0.06308
   0.06400 ,    0.06409 ,    0.06409
   0.06500 ,    0.06509 ,    0.06509
   0.06600 ,    0.06610 ,    0.06609
   0.06700 ,    0.06710 ,    0.06710
   0.06800 ,    0.06811 ,    0.06810
   0.06900 ,    0.06911 ,    0.06911
   0.07000 ,    0.07011 ,    0.07011
   0.07100 ,    0.07112 ,    0.07112
   0.07200 ,    0.07212 ,    0.07212
   0.07300 ,    0.07313 ,    0.07313
   0.07400 ,    0.07414 ,    0.07413
   0.07500 ,    0.07514 ,    0.07514
   0.07600 ,    0.07615 ,    0.07614
   0.07700 ,    0.07715 ,    0.07715
   0.07800 ,    0.07816 ,    0.07816
   0.07900 ,    0.07916 ,    0.07916
   0.08000 ,    0.08017 ,    0.08017
   0.08100 ,    0.08118 ,    0.08117
   0.08200 ,    0.08218 ,    0.08218
   0.08300 ,    0.08319 ,    0.08319
   0.08400 ,    0.08420 ,    0.08419
   0.08500 ,    0.08521 ,    0.08520
   0.08600 ,    0.08621 ,    0.08621
   0.08700 ,    0.08722 ,    0.08722
   0.08800 ,    0.08823 ,    0.08822
   0.08900 ,    0.08924 ,    0.08923
   0.09000 ,    0.09024 ,    0.09024
   0.09100 ,    0.09125 ,    0.09125
   0.09200 ,    0.09226 ,    0.09226
   0.09300 ,    0.09327 ,    0.09326
   0.09400 ,    0.09428 ,    0.09427
   0.09500 ,    0.09529 ,    0.09528
   0.09600 ,    0.09630 ,    0.09629
   0.09700 ,    0.09731 ,    0.09730
   0.09800 ,    0.09831 ,    0.09831
   0.09900 ,    0.09932 ,    0.09932
   0.10000 ,    0.10033 ,    0.10033
   0.10100 ,    0.10134 ,    0.10134
   0.10200 ,    0.10236 ,    0.10235
   0.10300 ,    0.10337 ,    0.10336
   0.10400 ,    0.10438 ,    0.10437
   0.10500 ,    0.10539 ,    0.10538
   0.10600 ,    0.10640 ,    0.10639
   0.10700 ,    0.10741 ,    0.10740
   0.10800 ,    0.10842 ,    0.10842
   0.10900 ,    0.10943 ,    0.10943
   0.11000 ,    0.11045 ,    0.11044
   0.11100 ,    0.11146 ,    0.11145
   0.11200 ,    0.11247 ,    0.11246
   0.11300 ,    0.11348 ,    0.11348
   0.11400 ,    0.11450 ,    0.11449
   0.11500 ,    0.11551 ,    0.11550
   0.11600 ,    0.11652 ,    0.11652
   0.11700 ,    0.11754 ,    0.11753
   0.11800 ,    0.11855 ,    0.11854
   0.11900 ,    0.11956 ,    0.11956
   0.12000 ,    0.12058 ,    0.12057
   0.12100 ,    0.12159 ,    0.12159
   0.12200 ,    0.12261 ,    0.12260
   0.12300 ,    0.12362 ,    0.12362
   0.12400 ,    0.12464 ,    0.12463
   0.12500 ,    0.12566 ,    0.12565
   0.12600 ,    0.12667 ,    0.12666
   0.12700 ,    0.12769 ,    0.12768
   0.12800 ,    0.12870 ,    0.12870
   0.12900 ,    0.12972 ,    0.12971
   0.13000 ,    0.13074 ,    0.13073
   0.13100 ,    0.13175 ,    0.13175
   0.13200 ,    0.13277 ,    0.13276
   0.13300 ,    0.13379 ,    0.13378
   0.13400 ,    0.13481 ,    0.13480
   0.13500 ,    0.13583 ,    0.13582
   0.13600 ,    0.13684 ,    0.13684
   0.13700 ,    0.13786 ,    0.13785
   0.13800 ,    0.13888 ,    0.13887
   0.13900 ,    0.13990 ,    0.13989
   0.14000 ,    0.14092 ,    0.14091
   0.14100 ,    0.14194 ,    0.14193
   0.14200 ,    0.14296 ,    0.14295
   0.14300 ,    0.14398 ,    0.14397
   0.14400 ,    0.14500 ,    0.14499
   0.14500 ,    0.14602 ,    0.14601
   0.14600 ,    0.14705 ,    0.14704
   0.14700 ,    0.14807 ,    0.14806
   0.14800 ,    0.14909 ,    0.14908
   0.14900 ,    0.15011 ,    0.15010
   0.15000 ,    0.15114 ,    0.15112
   0.15100 ,    0.15216 ,    0.15215
   0.15200 ,    0.15318 ,    0.15317
   0.15300 ,    0.15421 ,    0.15419
   0.15400 ,    0.15523 ,    0.15522
   0.15500 ,    0.15625 ,    0.15624
   0.15600 ,    0.15728 ,    0.15727
   0.15700 ,    0.15830 ,    0.15829
   0.15800 ,    0.15933 ,    0.15932
   0.15900 ,    0.16035 ,    0.16034
   0.16000 ,    0.16138 ,    0.16137
   0.16100 ,    0.16241 ,    0.16239
   0.16200 ,    0.16343 ,    0.16342
   0.16300 ,    0.16446 ,    0.16445
   0.16400 ,    0.16549 ,    0.16547
   0.16500 ,    0.16651 ,    0.16650
   0.16600 ,    0.16754 ,    0.16753
   0.16700 ,    0.16857 ,    0.16856
   0.16800 ,    0.16960 ,    0.16958
   0.16900 ,    0.17063 ,    0.17061
   0.17000 ,    0.17166 ,    0.17164
   0.17100 ,    0.17269 ,    0.17267
   0.17200 ,    0.17372 ,    0.17370
   0.17300 ,    0.17475 ,    0.17473
   0.17400 ,    0.17578 ,    0.17576
   0.17500 ,    0.17681 ,    0.17679
   0.17600 ,    0.17784 ,    0.17782
   0.17700 ,    0.17887 ,    0.17886
   0.17800 ,    0.17990 ,    0.17989
   0.17900 ,    0.18094 ,    0.18092
   0.18000 ,    0.18197 ,    0.18195
   0.18100 ,    0.18300 ,    0.18299
   0.18200 ,    0.18404 ,    0.18402
   0.18300 ,    0.18507 ,    0.18505
   0.18400 ,    0.18611 ,    0.18609
   0.18500 ,    0.18714 ,    0.18712
   0.18600 ,    0.18818 ,    0.18816
   0.18700 ,    0.18921 ,    0.18919
   0.18800 ,    0.19025 ,    0.19023
   0.18900 ,    0.19128 ,    0.19126
   0.19000 ,    0.19232 ,    0.19230
   0.19100 ,    0.19336 ,    0.19334
   0.19200 ,    0.19439 ,    0.19438
   0.19300 ,    0.19543 ,    0.19541
   0.19400 ,    0.19647 ,    0.19645
   0.19500 ,    0.19751 ,    0.19749
   0.19600 ,    0.19855 ,    0.19853
   0.19700 ,    0.19959 ,    0.19957
   0.19800 ,    0.20063 ,    0.20061
   0.19900 ,    0.20167 ,    0.20165
   0.20000 ,    0.20271 ,    0.20269
   0.20100 ,    0.20375 ,    0.20373
   0.20200 ,    0.20479 ,    0.20477
   0.20300 ,    0.20584 ,    0.20581
   0.20400 ,    0.20688 ,    0.20686
   0.20500 ,    0.20792 ,    0.20790
   0.20600 ,    0.20896 ,    0.20894
   0.20700 ,    0.21001 ,    0.20999
   0.20800 ,    0.21105 ,    0.21103
   0.20900 ,    0.21210 ,    0.21207
   0.21000 ,    0.21314 ,    0.21312
   0.21100 ,    0.21419 ,    0.21416
   0.21200 ,    0.21523 ,    0.21521
   0.21300 ,    0.21628 ,    0.21626
   0.21400 ,    0.21733 ,    0.21730
   0.21500 ,    0.21838 ,    0.21835
   0.21600 ,    0.21942 ,    0.21940
   0.21700 ,    0.22047 ,    0.22045
   0.21800 ,    0.22152 ,    0.22150
   0.21900 ,    0.22257 ,    0.22254
   0.22000 ,    0.22362 ,    0.22359
   0.22100 ,    0.22467 ,    0.22464
   0.22200 ,    0.22572 ,    0.22569
   0.22300 ,    0.22677 ,    0.22675
   0.22400 ,    0.22782 ,    0.22780
   0.22500 ,    0.22888 ,    0.22885
   0.22600 ,    0.22993 ,    0.22990
   0.22700 ,    0.23098 ,    0.23095
   0.22800 ,    0.23203 ,    0.23201
   0.22900 ,    0.23309 ,    0.23306
   0.23000 ,    0.23414 ,    0.23412
   0.23100 ,    0.23520 ,    0.23517
   0.23200 ,    0.23625 ,    0.23623
   0.23300 ,    0.23731 ,    0.23728
   0.23400 ,    0.23837 ,    0.23834
   0.23500 ,    0.23942 ,    0.23939
   0.23600 ,    0.24048 ,    0.24045
   0.23700 ,    0.24154 ,    0.24151
   0.23800 ,    0.24260 ,    0.24257
   0.23900 ,    0.24366 ,    0.24363
   0.24000 ,    0.24472 ,    0.24469
   0.24100 ,    0.24578 ,    0.24575
   0.24200 ,    0.24684 ,    0.24681
   0.24300 ,    0.24790 ,    0.24787
   0.24400 ,    0.24896 ,    0.24893
   0.24500 ,    0.25002 ,    0.24999
   0.24600 ,    0.25109 ,    0.25105
   0.24700 ,    0.25215 ,    0.25212
   0.24800 ,    0.25321 ,    0.25318
   0.24900 ,    0.25428 ,    0.25424
   0.25000 ,    0.25534 ,    0.25531
   0.25100 ,    0.25641 ,    0.25637
   0.25200 ,    0.25747 ,    0.25744
   0.25300 ,    0.25854 ,    0.25851
   0.25400 ,    0.25961 ,    0.25957
   0.25500 ,    0.26067 ,    0.26064
   0.25600 ,    0.26174 ,    0.26171
   0.25700 ,    0.26281 ,    0.26278
   0.25800 ,    0.26388 ,    0.26385
   0.25900 ,    0.26495 ,    0.26491
   0.26000 ,    0.26602 ,    0.26598
   0.26100 ,    0.26709 ,    0.26706
   0.26200 ,    0.26816 ,    0.26813
   0.26300 ,    0.26924 ,    0.26920
   0.26400 ,    0.27031 ,    0.27027
   0.26500 ,    0.27138 ,    0.27134
   0.26600 ,    0.27246 ,    0.27242
   0.26700 ,    0.27353 ,    0.27349
   0.26800 ,    0.27461 ,    0.27457
   0.26900 ,    0.27568 ,    0.27564
   0.27000 ,    0.27676 ,    0.27672
   0.27100 ,    0.27784 ,    0.27780
   0.27200 ,    0.27891 ,    0.27887
   0.27300 ,    0.27999 ,    0.27995
   0.27400 ,    0.28107 ,    0.28103
   0.27500 ,    0.28215 ,    0.28211
   0.27600 ,    0.28323 ,    0.28319
   0.27700 ,    0.28431 ,    0.28427
   0.27800 ,    0.28539 ,    0.28535
   0.27900 ,    0.28647 ,    0.28643
   0.28000 ,    0.28755 ,    0.28751
   0.28100 ,    0.28864 ,    0.28859
   0.28200 ,    0.28972 ,    0.28968
   0.28300 ,    0.29081 ,    0.29076
   0.28400 ,    0.29189 ,    0.29185
   0.28500 ,    0.29298 ,    0.29293
   0.28600 ,    0.29406 ,    0.29402
   0.28700 ,    0.29515 ,    0.29510
   0.28800 ,    0.29624 ,    0.29619
   0.28900 ,    0.29732 ,    0.29728
   0.29000 ,    0.29841 ,    0.29837
   0.29100 ,    0.29950 ,    0.29946
   0.29200 ,    0.30059 ,    0.30055
   0.29300 ,    0.30168 ,    0.30164
   0.29400 ,    0.30277 ,    0.30273
   0.29500 ,    0.30387 ,    0.30382
   0.29600 ,    0.30496 ,    0.30491
   0.29700 ,    0.30605 ,    0.30600
   0.29800 ,    0.30715 ,    0.30710
   0.29900 ,    0.30824 ,    0.30819
   0.30000 ,    0.30934 ,    0.30929
   0.30100 ,    0.31043 ,    0.31038
   0.30200 ,    0.31153 ,    0.31148
   0.30300 ,    0.31263 ,    0.31258
   0.30400 ,    0.31372 ,    0.31367
   0.30500 ,    0.31482 ,    0.31477
   0.30600 ,    0.31592 ,    0.31587
   0.30700 ,    0.31702 ,    0.31697
   0.30800 ,    0.31812 ,    0.31807
   0.30900 ,    0.31923 ,    0.31917
   0.31000 ,    0.32033 ,    0.32027
   0.31100 ,    0.32143 ,    0.32138
   0.31200 ,    0.32253 ,    0.32248
   0.31300 ,    0.32364 ,    0.32358
   0.31400 ,    0.32474 ,    0.32469
   0.31500 ,    0.32585 ,    0.32579
   0.31600 ,    0.32696 ,    0.32690
   0.31700 ,    0.32806 ,    0.32801
   0.31800 ,    0.32917 ,    0.32911
   0.31900 ,    0.33028 ,    0.33022
   0.32000 ,    0.33139 ,    0.33133
   0.32100 ,    0.33250 ,    0.33244
   0.32200 ,    0.33361 ,    0.33355
   0.32300 ,    0.33472 ,    0.33466
   0.32400 ,    0.33583 ,    0.33578
   0.32500 ,    0.33695 ,    0.33689
   0.32600 ,    0.33806 ,    0.33800
   0.32700 ,    0.33918 ,    0.33912
   0.32800 ,    0.34029 ,    0.34023
   0.32900 ,    0.34141 ,    0.34135
   0.33000 ,    0.34252 ,    0.34246
   0.33100 ,    0.34364 ,    0.34358
   0.33200 ,    0.34476 ,    0.34470
   0.33300 ,    0.34588 ,    0.34582
   0.33400 ,    0.34700 ,    0.34694
   0.33500 ,    0.34812 ,    0.34806
   0.33600 ,    0.34924 ,    0.34918
   0.33700 ,    0.35037 ,    0.35030
   0.33800 ,    0.35149 ,    0.35142
   0.33900 ,    0.35261 ,    0.35255
   0.34000 ,    0.35374 ,    0.35367
   0.34100 ,    0.35486 ,    0.35480
   0.34200 ,    0.35599 ,    0.35592
   0.34300 ,    0.35712 ,    0.35705
   0.34400 ,    0.35824 ,    0.35818
   0.34500 ,    0.35937 ,    0.35930
   0.34600 ,    0.36050 ,    0.36043
   0.34700 ,    0.36163 ,    0.36156
   0.34800 ,    0.36276 ,    0.36269
   0.34900 ,    0.36390 ,    0.36383
   0.35000 ,    0.36503 ,    0.36496
   0.35100 ,    0.36616 ,    0.36609
   0.35200 ,    0.36730 ,    0.36722
   0.35300 ,    0.36843 ,    0.36836
   0.35400 ,    0.36957 ,    0.36950
   0.35500 ,    0.37071 ,    0.37063
   0.35600 ,    0.37184 ,    0.37177
   0.35700 ,    0.37298 ,    0.37291
   0.35800 ,    0.37412 ,    0.37405
   0.35900 ,    0.37526 ,    0.37519
   0.36000 ,    0.37640 ,    0.37633
   0.36100 ,    0.37754 ,    0.37747
   0.36200 ,    0.37869 ,    0.37861
   0.36300 ,    0.37983 ,    0.37975
   0.36400 ,    0.38098 ,    0.38090
   0.36500 ,    0.38212 ,    0.38204
   0.36600 ,    0.38327 ,    0.38319
   0.36700 ,    0.38442 ,    0.38434
   0.36800 ,    0.38556 ,    0.38548
   0.36900 ,    0.38671 ,    0.38663
   0.37000 ,    0.38786 ,    0.38778
   0.37100 ,    0.38901 ,    0.38893
   0.37200 ,    0.39017 ,    0.39008
   0.37300 ,    0.39132 ,    0.39124
   0.37400 ,    0.39247 ,    0.39239
   0.37500 ,    0.39363 ,    0.39354
   0.37600 ,    0.39478 ,    0.39470
   0.37700 ,    0.39594 ,    0.39585
   0.37800 ,    0.39710 ,    0.39701
   0.37900 ,    0.39825 ,    0.39817
   0.38000 ,    0.39941 ,    0.39933
   0.38100 ,    0.40057 ,    0.40049
   0.38200 ,    0.40173 ,    0.40165
   0.38300 ,    0.40290 ,    0.40281
   0.38400 ,    0.40406 ,    0.40397
   0.38500 ,    0.40522 ,    0.40513
   0.38600 ,    0.40639 ,    0.40630
   0.38700 ,    0.40755 ,    0.40746
   0.38800 ,    0.40872 ,    0.40863
   0.38900 ,    0.40989 ,    0.40980
   0.39000 ,    0.41105 ,    0.41096
   0.39100 ,    0.41222 ,    0.41213
   0.39200 ,    0.41339 ,    0.41330
   0.39300 ,    0.41457 ,    0.41447
   0.39400 ,    0.41574 ,    0.41565
   0.39500 ,    0.41691 ,    0.41682
   0.39600 ,    0.41809 ,    0.41799
   0.39700 ,    0.41926 ,    0.41917
   0.39800 ,    0.42044 ,    0.42034
   0.39900 ,    0.42161 ,    0.42152
   0.40000 ,    0.42279 ,    0.42270
   0.40100 ,    0.42397 ,    0.42388
   0.40200 ,    0.42515 ,    0.42505
   0.40300 ,    0.42633 ,    0.42624
   0.40400 ,    0.42752 ,    0.42742
   0.40500 ,    0.42870 ,    0.42860
   0.40600 ,    0.42988 ,    0.42978
   0.40700 ,    0.43107 ,    0.43097
   0.40800 ,    0.43226 ,    0.43215
   0.40900 ,    0.43344 ,    0.43334
   0.41000 ,    0.43463 ,    0.43453
   0.41100 ,    0.43582 ,    0.43572
   0.41200 ,    0.43701 ,    0.43691
   0.41300 ,    0.43820 ,    0.43810
   0.41400 ,    0.43940 ,    0.43929
   0.41500 ,    0.44059 ,    0.44048
   0.41600 ,    0.44178 ,    0.44168
   0.41700 ,    0.44298 ,    0.44287
   0.41800 ,    0.44418 ,    0.44407
   0.41900 ,    0.44537 ,    0.44527
   0.42000 ,    0.44657 ,    0.44646
   0.42100 ,    0.44777 ,    0.44766
   0.42200 ,    0.44897 ,    0.44886
   0.42300 ,    0.45018 ,    0.45006
   0.42400 ,    0.45138 ,    0.45127
   0.42500 ,    0.45258 ,    0.45247
   0.42600 ,    0.45379 ,    0.45368
   0.42700 ,    0.45500 ,    0.45488
   0.42800 ,    0.45620 ,    0.45609
   0.42900 ,    0.45741 ,    0.45730
   0.43000 ,    0.45862 ,    0.45851
   0.43100 ,    0.45983 ,    0.45972
   0.43200 ,    0.46104 ,    0.46093
   0.43300 ,    0.46226 ,    0.46214
   0.43400 ,    0.46347 ,    0.46335
   0.43500 ,    0.46469 ,    0.46457
   0.43600 ,    0.46590 ,    0.46578
   0.43700 ,    0.46712 ,    0.46700
   0.43800 ,    0.46834 ,    0.46822
   0.43900 ,    0.46956 ,    0.46944
   0.44000 ,    0.47078 ,    0.47066
   0.44100 ,    0.47200 ,    0.47188
   0.44200 ,    0.47323 ,    0.47310
   0.44300 ,    0.47445 ,    0.47433
   0.44400 ,    0.47568 ,    0.47555
   0.44500 ,    0.47690 ,    0.47678
   0.44600 ,    0.47813 ,    0.47800
   0.44700 ,    0.47936 ,    0.47923
   0.44800 ,    0.48059 ,    0.48046
   0.44900 ,    0.48182 ,    0.48169
   0.45000 ,    0.48306 ,    0.48293
   0.45100 ,    0.48429 ,    0.48416
   0.45200 ,    0.48552 ,    0.48539
   0.45300 ,    0.48676 ,    0.48663
   0.45400 ,    0.48800 ,    0.48787
   0.45500 ,    0.48924 ,    0.48910
   0.45600 ,    0.49048 ,    0.49034
   0.45700 ,    0.49172 ,    0.49158
   0.45800 ,    0.49296 ,    0.49283
   0.45900 ,    0.49420 ,    0.49407
   0.46000 ,    0.49545 ,    0.49531
   0.46100 ,    0.49669 ,    0.49656
   0.46200 ,    0.49794 ,    0.49780
   0.46300 ,    0.49919 ,    0.49905
   0.46400 ,    0.50044 ,    0.50030
   0.46500 ,    0.50169 ,    0.50155
   0.46600 ,    0.50294 ,    0.50280
   0.46700 ,    0.50420 ,    0.50406
   0.46800 ,    0.50545 ,    0.50531
   0.46900 ,    0.50671 ,    0.50657
   0.47000 ,    0.50797 ,    0.50782
   0.47100 ,    0.50922 ,    0.50908
   0.47200 ,    0.51048 ,    0.51034
   0.47300 ,    0.51175 ,    0.51160
   0.47400 ,    0.51301 ,    0.51286
   0.47500 ,    0.51427 ,    0.51412
   0.47600 ,    0.51554 ,    0.51539
   0.47700 ,    0.51680 ,    0.51665
   0.47800 ,    0.51807 ,    0.51792
   0.47900 ,    0.51934 ,    0.51919
   0.48000 ,    0.52061 ,    0.52046
   0.48100 ,    0.52188 ,    0.52173
   0.48200 ,    0.52316 ,    0.52300
   0.48300 ,    0.52443 ,    0.52428
   0.48400 ,    0.52571 ,    0.52555
   0.48500 ,    0.52698 ,    0.52683
   0.48600 ,    0.52826 ,    0.52810
   0.48700 ,    0.52954 ,    0.52938
   0.48800 ,    0.53082 ,    0.53066
   0.48900 ,    0.53210 ,    0.53194
   0.49000 ,    0.53339 ,    0.53323
   0.49100 ,    0.53467 ,    0.53451
   0.49200 ,    0.53596 ,    0.53580
   0.49300 ,    0.53725 ,    0.53708
   0.49400 ,    0.53854 ,    0.53837
   0.49500 ,    0.53983 ,    0.53966
   0.49600 ,    0.54112 ,    0.54095
   0.49700 ,    0.54241 ,    0.54225
   0.49800 ,    0.54371 ,    0.54354
   0.49900 ,    0.54500 ,    0.54484
   0.50000 ,    0.54630 ,    0.54613
   0.50100 ,    0.54760 ,    0.54743
   0.50200 ,    0.54890 ,    0.54873
   0.50300 ,    0.55020 ,    0.55003
   0.50400 ,    0.55151 ,    0.55133
   0.50500 ,    0.55281 ,    0.55264
   0.50600 ,    0.55412 ,    0.55394
   0.50700 ,    0.55543 ,    0.55525
   0.50800 ,    0.55674 ,    0.55656
   0.50900 ,    0.55805 ,    0.55787
   0.51000 ,    0.55936 ,    0.55918
   0.51100 ,    0.56067 ,    0.56049
   0.51200 ,    0.56199 ,    0.56181
   0.51300 ,    0.56330 ,    0.56312
   0.51400 ,    0.56462 ,    0.56444
   0.51500 ,    0.56594 ,    0.56576
   0.51600 ,    0.56726 ,    0.56708
   0.51700 ,    0.56859 ,    0.56840
   0.51800 ,    0.56991 ,    0.56972
   0.51900 ,    0.57123 ,    0.57105
   0.52000 ,    0.57256 ,    0.57237
   0.52100 ,    0.57389 ,    0.57370
   0.52200 ,    0.57522 ,    0.57503
   0.52300 ,    0.57655 ,    0.57636
   0.52400 ,    0.57789 ,    0.57769
   0.52500 ,    0.57922 ,    0.57903
   0.52600 ,    0.58056 ,    0.58036
   0.52700 ,    0.58189 ,    0.58170
   0.52800 ,    0.58323 ,    0.58304
   0.52900 ,    0.58457 ,    0.58438
   0.53000 ,    0.58592 ,    0.58572
   0.53100 ,    0.58726 ,    0.58706
   0.53200 ,    0.58861 ,    0.58841
   0.53300 ,    0.58995 ,    0.58975
   0.53400 ,    0.59130 ,    0.59110
   0.53500 ,    0.59265 ,    0.59245
   0.53600 ,    0.59401 ,    0.59380
   0.53700 ,    0.59536 ,    0.59515
   0.53800 ,    0.59671 ,    0.59651
   0.53900 ,    0.59807 ,    0.59786
   0.54000 ,    0.59943 ,    0.59922
   0.54100 ,    0.60079 ,    0.60058
   0.54200 ,    0.60215 ,    0.60194
   0.54300 ,    0.60351 ,    0.60330
   0.54400 ,    0.60488 ,    0.60467
   0.54500 ,    0.60625 ,    0.60603
   0.54600 ,    0.60762 ,    0.60740
   0.54700 ,    0.60899 ,    0.60877
   0.54800 ,    0.61036 ,    0.61014
   0.54900 ,    0.61173 ,    0.61151
   0.55000 ,    0.61311 ,    0.61289
   0.55100 ,    0.61448 ,    0.61426
   0.55200 ,    0.61586 ,    0.61564
   0.55300 ,    0.61724 ,    0.61702
   0.55400 ,    0.61862 ,    0.61840
   0.55500 ,    0.62001 ,    0.61978
   0.55600 ,    0.62139 ,    0.62117
   0.55700 ,    0.62278 ,    0.62255
   0.55800 ,    0.62417 ,    0.62394
   0.55900 ,    0.62556 ,    0.62533
   0.56000 ,    0.62695 ,    0.62672
   0.56100 ,    0.62834 ,    0.62811
   0.56200 ,    0.62974 ,    0.62951
   0.56300 ,    0.63114 ,    0.63090
   0.56400 ,    0.63254 ,    0.63230
   0.56500 ,    0.63394 ,    0.63370
   0.56600 ,    0.63534 ,    0.63510
   0.56700 ,    0.63674 ,    0.63651
   0.56800 ,    0.63815 ,    0.63791
   0.56900 ,    0.63956 ,    0.63932
   0.57000 ,    0.64097 ,    0.64073
   0.57100 ,    0.64238 ,    0.64214
   0.57200 ,    0.64379 ,    0.64355
   0.57300 ,    0.64521 ,    0.64496
   0.57400 ,    0.64663 ,    0.64638
   0.57500 ,    0.64805 ,    0.64780
   0.57600 ,    0.64947 ,    0.64922
   0.57700 ,    0.65089 ,    0.65064
   0.57800 ,    0.65231 ,    0.65206
   0.57900 ,    0.65374 ,    0.65349
   0.58000 ,    0.65517 ,    0.65491
   0.58100 ,    0.65660 ,    0.65634
   0.58200 ,    0.65803 ,    0.65777
   0.58300 ,    0.65946 ,    0.65921
   0.58400 ,    0.66090 ,    0.66064
   0.58500 ,    0.66234 ,    0.66208
   0.58600 ,    0.66378 ,    0.66352
   0.58700 ,    0.66522 ,    0.66496
   0.58800 ,    0.66666 ,    0.66640
   0.58900 ,    0.66811 ,    0.66784
   0.59000 ,    0.66956 ,    0.66929
   0.59100 ,    0.67100 ,    0.67074
   0.59200 ,    0.67246 ,    0.67219
   0.59300 ,    0.67391 ,    0.67364
   0.59400 ,    0.67536 ,    0.67509
   0.59500 ,    0.67682 ,    0.67655
   0.59600 ,    0.67828 ,    0.67800
   0.59700 ,    0.67974 ,    0.67946
   0.59800 ,    0.68120 ,    0.68093
   0.59900 ,    0.68267 ,    0.68239
   0.60000 ,    0.68414 ,    0.68386
   0.60100 ,    0.68561 ,    0.68532
   0.60200 ,    0.68708 ,    0.68679
   0.60300 ,    0.68855 ,    0.68826
   0.60400 ,    0.69003 ,    0.68974
   0.60500 ,    0.69150 ,    0.69121
   0.60600 ,    0.69298 ,    0.69269
   0.60700 ,    0.69446 ,    0.69417
   0.60800 ,    0.69595 ,    0.69565
   0.60900 ,    0.69743 ,    0.69714
   0.61000 ,    0.69892 ,    0.69862
   0.61100 ,    0.70041 ,    0.70011
   0.61200 ,    0.70190 ,    0.70160
   0.61300 ,    0.70339 ,    0.70309
   0.61400 ,    0.70489 ,    0.70459
   0.61500 ,    0.70639 ,    0.70608
   0.61600 ,    0.70789 ,    0.70758
   0.61700 ,    0.70939 ,    0.70908
   0.61800 ,    0.71089 ,    0.71059
   0.61900 ,    0.71240 ,    0.71209
   0.62000 ,    0.71391 ,    0.71360
   0.62100 ,    0.71542 ,    0.71511
   0.62200 ,    0.71693 ,    0.71662
   0.62300 ,    0.71845 ,    0.71813
   0.62400 ,    0.71996 ,    0.71965
   0.62500 ,    0.72148 ,    0.72117
   0.62600 ,    0.72301 ,    0.72269
   0.62700 ,    0.72453 ,    0.72421
   0.62800 ,    0.72606 ,    0.72573
   0.62900 ,    0.72758 ,    0.72726
   0.63000 ,    0.72911 ,    0.72879
   0.63100 ,    0.73065 ,    0.73032
   0.63200 ,    0.73218 ,    0.73185
   0.63300 ,    0.73372 ,    0.73339
   0.63400 ,    0.73526 ,    0.73493
   0.63500 ,    0.73680 ,    0.73647
   0.63600 ,    0.73834 ,    0.73801
   0.63700 ,    0.73989 ,    0.73955
   0.63800 ,    0.74144 ,    0.74110
   0.63900 ,    0.74299 ,    0.74265
   0.64000 ,    0.74454 ,    0.74420
   0.64100 ,    0.74610 ,    0.74576
   0.64200 ,    0.74766 ,    0.74731
   0.64300 ,    0.74922 ,    0.74887
   0.64400 ,    0.75078 ,    0.75043
   0.64500 ,    0.75234 ,    0.75199
   0.64600 ,    0.75391 ,    0.75356
   0.64700 ,    0.75548 ,    0.75513
   0.64800 ,    0.75705 ,    0.75670
   0.64900 ,    0.75863 ,    0.75827
   0.65000 ,    0.76020 ,    0.75985
   0.65100 ,    0.76178 ,    0.76142
   0.65200 ,    0.76337 ,    0.76300
   0.65300 ,    0.76495 ,    0.76458
   0.65400 ,    0.76654 ,    0.76617
   0.65500 ,    0.76812 ,    0.76776
   0.65600 ,    0.76972 ,    0.76935
   0.65700 ,    0.77131 ,    0.77094
   0.65800 ,    0.77291 ,    0.77253
   0.65900 ,    0.77450 ,    0.77413
   0.66000 ,    0.77610 ,    0.77573
   0.66100 ,    0.77771 ,    0.77733
   0.66200 ,    0.77931 ,    0.77893
   0.66300 ,    0.78092 ,    0.78054
   0.66400 ,    0.78253 ,    0.78215
   0.66500 ,    0.78415 ,    0.78376
   0.66600 ,    0.78576 ,    0.78538
   0.66700 ,    0.78738 ,    0.78699
   0.66800 ,    0.78900 ,    0.78861
   0.66900 ,    0.79063 ,    0.79023
   0.67000 ,    0.79225 ,    0.79186
   0.67100 ,    0.79388 ,    0.79349
   0.67200 ,    0.79551 ,    0.79512
   0.67300 ,    0.79715 ,    0.79675
   0.67400 ,    0.79879 ,    0.79838
   0.67500 ,    0.80042 ,    0.80002
   0.67600 ,    0.80207 ,    0.80166
   0.67700 ,    0.80371 ,    0.80330
   0.67800 ,    0.80536 ,    0.80495
   0.67900 ,    0.80701 ,    0.80660
   0.68000 ,    0.80866 ,    0.80825
   0.68100 ,    0.81032 ,    0.80990
   0.68200 ,    0.81197 ,    0.81156
   0.68300 ,    0.81364 ,    0.81321
   0.68400 ,    0.81530 ,    0.81488
   0.68500 ,    0.81696 ,    0.81654
   0.68600 ,    0.81863 ,    0.81821
   0.68700 ,    0.82031 ,    0.81988
   0.68800 ,    0.82198 ,    0.82155
   0.68900 ,    0.82366 ,    0.82322
   0.69000 ,    0.82534 ,    0.82490
   0.69100 ,    0.82702 ,    0.82658
   0.69200 ,    0.82870 ,    0.82826
   0.69300 ,    0.83039 ,    0.82995
   0.69400 ,    0.83208 ,    0.83164
   0.69500 ,    0.83378 ,    0.83333
   0.69600 ,    0.83547 ,    0.83502
   0.69700 ,    0.83717 ,    0.83672
   0.69800 ,    0.83888 ,    0.83842
   0.69900 ,    0.84058 ,    0.84013
   0.70000 ,    0.84229 ,    0.84183
   0.70100 ,    0.84400 ,    0.84354
   0.70200 ,    0.84571 ,    0.84525
   0.70300 ,    0.84743 ,    0.84697
   0.70400 ,    0.84915 ,    0.84868
   0.70500 ,    0.85087 ,    0.85040
   0.70600 ,    0.85260 ,    0.85213
   0.70700 ,    0.85433 ,    0.85385
   0.70800 ,    0.85606 ,    0.85558
   0.70900 ,    0.85779 ,    0.85731
   0.71000 ,    0.85953 ,    0.85905
   0.71100 ,    0.86127 ,    0.86079
   0.71200 ,    0.86301 ,    0.86253
   0.71300 ,    0.86476 ,    0.86427
   0.71400 ,    0.86651 ,    0.86602
   0.71500 ,    0.86826 ,    0.86777
   0.71600 ,    0.87002 ,    0.86952
   0.71700 ,    0.87177 ,    0.87128
   0.71800 ,    0.87354 ,    0.87304
   0.71900 ,    0.87530 ,    0.87480
   0.72000 ,    0.87707 ,    0.87656
   0.72100 ,    0.87884 ,    0.87833
   0.72200 ,    0.88061 ,    0.88010
   0.72300 ,    0.88239 ,    0.88188
   0.72400 ,    0.88417 ,    0.88366
   0.72500 ,    0.88595 ,    0.88544
   0.72600 ,    0.88774 ,    0.88722
   0.72700 ,    0.88953 ,    0.88901
   0.72800 ,    0.89132 ,    0.89080
   0.72900 ,    0.89312 ,    0.89259
   0.73000 ,    0.89492 ,    0.89439
   0.73100 ,    0.89672 ,    0.89619
   0.73200 ,    0.89853 ,    0.89799
   0.73300 ,    0.90033 ,    0.89980
   0.73400 ,    0.90215 ,    0.90161
   0.73500 ,    0.90396 ,    0.90342
   0.73600 ,    0.90578 ,    0.90524
   0.73700 ,    0.90760 ,    0.90706
   0.73800 ,    0.90943 ,    0.90888
   0.73900 ,    0.91126 ,    0.91071
   0.74000 ,    0.91309 ,    0.91253
   0.74100 ,    0.91492 ,    0.91437
   0.74200 ,    0.91676 ,    0.91620
   0.74300 ,    0.91861 ,    0.91804
   0.74400 ,    0.92045 ,    0.91989
   0.74500 ,    0.92230 ,    0.92173
   0.74600 ,    0.92415 ,    0.92358
   0.74700 ,    0.92601 ,    0.92543
   0.74800 ,    0.92787 ,    0.92729
   0.74900 ,    0.92973 ,    0.92915
   0.75000 ,    0.93160 ,    0.93101
   0.75100 ,    0.93347 ,    0.93288
   0.75200 ,    0.93534 ,    0.93475
   0.75300 ,    0.93722 ,    0.93662
   0.75400 ,    0.93910 ,    0.93850
   0.75500 ,    0.94098 ,    0.94038
   0.75600 ,    0.94287 ,    0.94227
   0.75700 ,    0.94476 ,    0.94416
   0.75800 ,    0.94665 ,    0.94605
   0.75900 ,    0.94855 ,    0.94794
   0.76000 ,    0.95045 ,    0.94984
   0.76100 ,    0.95236 ,    0.95174
   0.76200 ,    0.95427 ,    0.95365
   0.76300 ,    0.95618 ,    0.95556
   0.76400 ,    0.95809 ,    0.95747
   0.76500 ,    0.96001 ,    0.95939
   0.76600 ,    0.96194 ,    0.96131
   0.76700 ,    0.96386 ,    0.96323
   0.76800 ,    0.96580 ,    0.96516
   0.76900 ,    0.96773 ,    0.96709
   0.77000 ,    0.96967 ,    0.96903
   0.77100 ,    0.97161 ,    0.97097
   0.77200 ,    0.97356 ,    0.97291
   0.77300 ,    0.97551 ,    0.97485
   0.77400 ,    0.97746 ,    0.97681
   0.77500 ,    0.97942 ,    0.97876
   0.77600 ,    0.98138 ,    0.98072
   0.77700 ,    0.98334 ,    0.98268
   0.77800 ,    0.98531 ,    0.98464
   0.77900 ,    0.98728 ,    0.98661
   0.78000 ,    0.98926 ,    0.98859
   0.78100 ,    0.99124 ,    0.99057
   0.78200 ,    0.99323 ,    0.99255
   0.78300 ,    0.99522 ,    0.99453
   0.78400 ,    0.99721 ,    0.99652
   0.78500 ,    0.99920 ,    0.99851
   0.78600 ,    1.00120 ,    1.00051
   0.78700 ,    1.00321 ,    1.00251
   0.78800 ,    1.00522 ,    1.00452
   0.78900 ,    1.00723 ,    1.00653
   0.79000 ,    1.00925 ,    1.00854
   0.79100 ,    1.01127 ,    1.01056
   0.79200 ,    1.01329 ,    1.01258
   0.79300 ,    1.01532 ,    1.01460
   0.79400 ,    1.01735 ,    1.01663
   0.79500 ,    1.01939 ,    1.01867
   0.79600 ,    1.02143 ,    1.02070
   0.79700 ,    1.02348 ,    1.02274
   0.79800 ,    1.02553 ,    1.02479
   0.79900 ,    1.02758 ,    1.02684
   0.80000 ,    1.02964 ,    1.02890
   0.80100 ,    1.03170 ,    1.03095
   0.80200 ,    1.03377 ,    1.03302
   0.80300 ,    1.03584 ,    1.03508
   0.80400 ,    1.03791 ,    1.03716
   0.80500 ,    1.03999 ,    1.03923
   0.80600 ,    1.04208 ,    1.04131
   0.80700 ,    1.04416 ,    1.04340
   0.80800 ,    1.04626 ,    1.04548
   0.80900 ,    1.04835 ,    1.04758
   0.81000 ,    1.05046 ,    1.04967
   0.81100 ,    1.05256 ,    1.05178
   0.81200 ,    1.05467 ,    1.05388
   0.81300 ,    1.05679 ,    1.05599
   0.81400 ,    1.05890 ,    1.05811
   0.81500 ,    1.06103 ,    1.06023
   0.81600 ,    1.06316 ,    1.06235
   0.81700 ,    1.06529 ,    1.06448
   0.81800 ,    1.06743 ,    1.06661
   0.81900 ,    1.06957 ,    1.06875
   0.82000 ,    1.07171 ,    1.07089
   0.82100 ,    1.07386 ,    1.07304
   0.82200 ,    1.07602 ,    1.07519
   0.82300 ,    1.07818 ,    1.07735
   0.82400 ,    1.08035 ,    1.07951
   0.82500 ,    1.08251 ,    1.08167
   0.82600 ,    1.08469 ,    1.08384
   0.82700 ,    1.08687 ,    1.08602
   0.82800 ,    1.08905 ,    1.08820
   0.82900 ,    1.09124 ,    1.09038
   0.83000 ,    1.09343 ,    1.09257
   0.83100 ,    1.09563 ,    1.09477
   0.83200 ,    1.09783 ,    1.09696
   0.83300 ,    1.10004 ,    1.09917
   0.83400 ,    1.10225 ,    1.10138
   0.83500 ,    1.10447 ,    1.10359
   0.83600 ,    1.10669 ,    1.10581
   0.83700 ,    1.10892 ,    1.10803
   0.83800 ,    1.11115 ,    1.11026
   0.83900 ,    1.11339 ,    1.11249
   0.84000 ,    1.11563 ,    1.11473
   0.84100 ,    1.11788 ,    1.11697
   0.84200 ,    1.12013 ,    1.11922
   0.84300 ,    1.12239 ,    1.12147
   0.84400 ,    1.12465 ,    1.12373
   0.84500 ,    1.12692 ,    1.12599
   0.84600 ,    1.12919 ,    1.12826
   0.84700 ,    1.13147 ,    1.13053
   0.84800 ,    1.13375 ,    1.13281
   0.84900 ,    1.13604 ,    1.13509
   0.85000 ,    1.13833 ,    1.13738
   0.85100 ,    1.14063 ,    1.13967
   0.85200 ,    1.14293 ,    1.14197
   0.85300 ,    1.14524 ,    1.14428
   0.85400 ,    1.14756 ,    1.14659
   0.85500 ,    1.14988 ,    1.14890
   0.85600 ,    1.15220 ,    1.15122
   0.85700 ,    1.15453 ,    1.15355
   0.85800 ,    1.15687 ,    1.15588
   0.85900 ,    1.15921 ,    1.15821
   0.86000 ,    1.16156 ,    1.16055
   0.86100 ,    1.16391 ,    1.16290
   0.86200 ,    1.16627 ,    1.16525
   0.86300 ,    1.16863 ,    1.16761
   0.86400 ,    1.17100 ,    1.16998
   0.86500 ,    1.17337 ,    1.17234
   0.86600 ,    1.17575 ,    1.17472
   0.86700 ,    1.17814 ,    1.17710
   0.86800 ,    1.18053 ,    1.17948
   0.86900 ,    1.18292 ,    1.18188
   0.87000 ,    1.18532 ,    1.18427
   0.87100 ,    1.18773 ,    1.18667
   0.87200 ,    1.19015 ,    1.18908
   0.87300 ,    1.19257 ,    1.19150
   0.87400 ,    1.19499 ,    1.19392
   0.87500 ,    1.19742 ,    1.19634
   0.87600 ,    1.19986 ,    1.19877
   0.87700 ,    1.20230 ,    1.20121
   0.87800 ,    1.20475 ,    1.20365
   0.87900 ,    1.20720 ,    1.20610
   0.88000 ,    1.20966 ,    1.20856
   0.88100 ,    1.21213 ,    1.21102
   0.88200 ,    1.21460 ,    1.21348
   0.88300 ,    1.21708 ,    1.21596
   0.88400 ,    1.21957 ,    1.21843
   0.88500 ,    1.22206 ,    1.22092
   0.88600 ,    1.22455 ,    1.22341
   0.88700 ,    1.22705 ,    1.22591
   0.88800 ,    1.22956 ,    1.22841
   0.88900 ,    1.23208 ,    1.23092
   0.89000 ,    1.23460 ,    1.23343
   0.89100 ,    1.23713 ,    1.23596
   0.89200 ,    1.23966 ,    1.23848
   0.89300 ,    1.24220 ,    1.24102
   0.89400 ,    1.24475 ,    1.24356
   0.89500 ,    1.24730 ,    1.24610
   0.89600 ,    1.24986 ,    1.24866
   0.89700 ,    1.25242 ,    1.25121
   0.89800 ,    1.25500 ,    1.25378
   0.89900 ,    1.25757 ,    1.25635
   0.90000 ,    1.26016 ,    1.25893
   0.90100 ,    1.26275 ,    1.26152
   0.90200 ,    1.26535 ,    1.26411
   0.90300 ,    1.26795 ,    1.26671
   0.90400 ,    1.27056 ,    1.26931
   0.90500 ,    1.27318 ,    1.27192
   0.90600 ,    1.27580 ,    1.27454
   0.90700 ,    1.27844 ,    1.27716
   0.90800 ,    1.28107 ,    1.27979
   0.90900 ,    1.28372 ,    1.28243
   0.91000 ,    1.28637 ,    1.28508
   0.91100 ,    1.28903 ,    1.28773
   0.91200 ,    1.29169 ,    1.29039
   0.91300 ,    1.29436 ,    1.29305
   0.91400 ,    1.29704 ,    1.29572
   0.91500 ,    1.29973 ,    1.29840
   0.91600 ,    1.30242 ,    1.30109
   0.91700 ,    1.30512 ,    1.30378
   0.91800 ,    1.30783 ,    1.30648
   0.91900 ,    1.31054 ,    1.30919
   0.92000 ,    1.31326 ,    1.31190
   0.92100 ,    1.31599 ,    1.31462
   0.92200 ,    1.31873 ,    1.31735
   0.92300 ,    1.32147 ,    1.32009
   0.92400 ,    1.32422 ,    1.32283
   0.92500 ,    1.32698 ,    1.32558
   0.92600 ,    1.32974 ,    1.32834
   0.92700 ,    1.33251 ,    1.33110
   0.92800 ,    1.33529 ,    1.33387
   0.92900 ,    1.33808 ,    1.33665
   0.93000 ,    1.34087 ,    1.33944
   0.93100 ,    1.34368 ,    1.34223
   0.93200 ,    1.34648 ,    1.34503
   0.93300 ,    1.34930 ,    1.34784
   0.93400 ,    1.35213 ,    1.35066
   0.93500 ,    1.35496 ,    1.35348
   0.93600 ,    1.35780 ,    1.35632
   0.93700 ,    1.36065 ,    1.35916
   0.93800 ,    1.36350 ,    1.36200
   0.93900 ,    1.36636 ,    1.36486
   0.94000 ,    1.36923 ,    1.36772
   0.94100 ,    1.37211 ,    1.37059
   0.94200 ,    1.37500 ,    1.37347
   0.94300 ,    1.37789 ,    1.37636
   0.94400 ,    1.38080 ,    1.37925
   0.94500 ,    1.38371 ,    1.38215
   0.94600 ,    1.38663 ,    1.38506
   0.94700 ,    1.38955 ,    1.38798
   0.94800 ,    1.39249 ,    1.39091
   0.94900 ,    1.39543 ,    1.39384
   0.95000 ,    1.39838 ,    1.39679
   0.95100 ,    1.40134 ,    1.39974
   0.95200 ,    1.40431 ,    1.40270
   0.95300 ,    1.40729 ,    1.40566
   0.95400 ,    1.41027 ,    1.40864
   0.95500 ,    1.41326 ,    1.41162
   0.95600 ,    1.41627 ,    1.41462
   0.95700 ,    1.41928 ,    1.41762
   0.95800 ,    1.42229 ,    1.42063
   0.95900 ,    1.42532 ,    1.42365
   0.96000 ,    1.42836 ,    1.42667
   0.96100 ,    1.43140 ,    1.42971
   0.96200 ,    1.43446 ,    1.43275
   0.96300 ,    1.43752 ,    1.43580
   0.96400 ,    1.44059 ,    1.43887
   0.96500 ,    1.44367 ,    1.44194
   0.96600 ,    1.44676 ,    1.44502
   0.96700 ,    1.44985 ,    1.44810
   0.96800 ,    1.45296 ,    1.45120
   0.96900 ,    1.45608 ,    1.45431
   0.97000 ,    1.45920 ,    1.45742
   0.97100 ,    1.46233 ,    1.46055
   0.97200 ,    1.46548 ,    1.46368
   0.97300 ,    1.46863 ,    1.46682
   0.97400 ,    1.47179 ,    1.46997
   0.97500 ,    1.47496 ,    1.47313
   0.97600 ,    1.47814 ,    1.47630
   0.97700 ,    1.48133 ,    1.47948
   0.97800 ,    1.48453 ,    1.48267
   0.97900 ,    1.48774 ,    1.48587
   0.98000 ,    1.49096 ,    1.48908
   0.98100 ,    1.49419 ,    1.49230
   0.98200 ,    1.49742 ,    1.49552
   0.98300 ,    1.50067 ,    1.49876
   0.98400 ,    1.50393 ,    1.50201
   0.98500 ,    1.50719 ,    1.50526
   0.98600 ,    1.51047 ,    1.50853
   0.98700 ,    1.51376 ,    1.51180
   0.98800 ,    1.51705 ,    1.51509
   0.98900 ,    1.52036 ,    1.51838
   0.99000 ,    1.52368 ,    1.52169
   0.99100 ,    1.52700 ,    1.52500
   0.99200 ,    1.53034 ,    1.52833
   0.99300 ,    1.53369 ,    1.53167
   0.99400 ,    1.53704 ,    1.53501
   0.99500 ,    1.54041 ,    1.53837
   0.99600 ,    1.54379 ,    1.54174
   0.99700 ,    1.54718 ,    1.54511
   0.99800 ,    1.55058 ,    1.54850
   0.99900 ,    1.55399 ,    1.55190
   1.00000 ,    1.55741 ,    1.55531
   1.00100 ,    1.56084 ,    1.55872
   1.00200 ,    1.56428 ,    1.56215
   1.00300 ,    1.56773 ,    1.56559
   1.00400 ,    1.57120 ,    1.56905
   1.00500 ,    1.57467 ,    1.57251
   1.00600 ,    1.57815 ,    1.57598
   1.00700 ,    1.58165 ,    1.57946
   1.00800 ,    1.58516 ,    1.58296
   1.00900 ,    1.58868 ,    1.58646
   1.01000 ,    1.59221 ,    1.58998
   1.01100 ,    1.59575 ,    1.59351
   1.01200 ,    1.59930 ,    1.59705
   1.01300 ,    1.60286 ,    1.60060
   1.01400 ,    1.60644 ,    1.60416
   1.01500 ,    1.61002 ,    1.60773
   1.01600 ,    1.61362 ,    1.61132
   1.01700 ,    1.61723 ,    1.61492
   1.01800 ,    1.62085 ,    1.61852
   1.01900 ,    1.62449 ,    1.62214
   1.02000 ,    1.62813 ,    1.62577
   1.02100 ,    1.63179 ,    1.62942
   1.02200 ,    1.63546 ,    1.63307
   1.02300 ,    1.63914 ,    1.63674
   1.02400 ,    1.64283 ,    1.64042
   1.02500 ,    1.64653 ,    1.64411
   1.02600 ,    1.65025 ,    1.64781
   1.02700 ,    1.65398 ,    1.65153
   1.02800 ,    1.65772 ,    1.65526
   1.02900 ,    1.66148 ,    1.65900
   1.03000 ,    1.66524 ,    1.66275
   1.03100 ,    1.66902 ,    1.66651
   1.03200 ,    1.67282 ,    1.67029
   1.03300 ,    1.67662 ,    1.67408
   1.03400 ,    1.68044 ,    1.67788
   1.03500 ,    1.68427 ,    1.68170
   1.03600 ,    1.68811 ,    1.68553
   1.03700 ,    1.69197 ,    1.68937
   1.03800 ,    1.69584 ,    1.69322
   1.03900 ,    1.69972 ,    1.69709
   1.04000 ,    1.70361 ,    1.70097
   1.04100 ,    1.70752 ,    1.70486
   1.04200 ,    1.71145 ,    1.70877
   1.04300 ,    1.71538 ,    1.71269
   1.04400 ,    1.71933 ,    1.71662
   1.04500 ,    1.72329 ,    1.72057
   1.04600 ,    1.72727 ,    1.72453
   1.04700 ,    1.73126 ,    1.72850
   1.04800 ,    1.73527 ,    1.73249
   1.04900 ,    1.73928 ,    1.73649
   1.05000 ,    1.74332 ,    1.74051
   1.05100 ,    1.74736 ,    1.74454
   1.05200 ,    1.75142 ,    1.74858
   1.05300 ,    1.75550 ,    1.75264
   1.05400 ,    1.75959 ,    1.75671
   1.05500 ,    1.76369 ,    1.76079
   1.05600 ,    1.76781 ,    1.76489
   1.05700 ,    1.77194 ,    1.76901
   1.05800 ,    1.77609 ,    1.77314
   1.05900 ,    1.78025 ,    1.77728
   1.06000 ,    1.78442 ,    1.78144
   1.06100 ,    1.78862 ,    1.78562
   1.06200 ,    1.79282 ,    1.78980
   1.06300 ,    1.79704 ,    1.79401
   1.06400 ,    1.80128 ,    1.79823
   1.06500 ,    1.80553 ,    1.80246
   1.06600 ,    1.80980 ,    1.80671
   1.06700 ,    1.81409 ,    1.81097
   1.06800 ,    1.81838 ,    1.81525
   1.06900 ,    1.82270 ,    1.81955
   1.07000 ,    1.82703 ,    1.82386
   1.07100 ,    1.83137 ,    1.82818
   1.07200 ,    1.83574 ,    1.83253
   1.07300 ,    1.84011 ,    1.83688
   1.07400 ,    1.84451 ,    1.84126
   1.07500 ,    1.84892 ,    1.84565
   1.07600 ,    1.85335 ,    1.85006
   1.07700 ,    1.85779 ,    1.85448
   1.07800 ,    1.86225 ,    1.85892
   1.07900 ,    1.86672 ,    1.86337
   1.08000 ,    1.87122 ,    1.86784
   1.08100 ,    1.87573 ,    1.87233
   1.08200 ,    1.88025 ,    1.87684
   1.08300 ,    1.88480 ,    1.88136
   1.08400 ,    1.88936 ,    1.88590
   1.08500 ,    1.89394 ,    1.89046
   1.08600 ,    1.89853 ,    1.89503
   1.08700 ,    1.90315 ,    1.89962
   1.08800 ,    1.90778 ,    1.90423
   1.08900 ,    1.91243 ,    1.90886
   1.09000 ,    1.91709 ,    1.91350
   1.09100 ,    1.92178 ,    1.91816
   1.09200 ,    1.92648 ,    1.92284
   1.09300 ,    1.93120 ,    1.92754
   1.09400 ,    1.93594 ,    1.93226
   1.09500 ,    1.94069 ,    1.93699
   1.09600 ,    1.94547 ,    1.94174
   1.09700 ,    1.95026 ,    1.94651
   1.09800 ,    1.95508 ,    1.95130
   1.09900 ,    1.95991 ,    1.95611
   1.10000 ,    1.96476 ,    1.96093
   1.10100 ,    1.96963 ,    1.96578
   1.10200 ,    1.97452 ,    1.97064
   1.10300 ,    1.97943 ,    1.97553
   1.10400 ,    1.98435 ,    1.98043
   1.10500 ,    1.98930 ,    1.98535
   1.10600 ,    1.99427 ,    1.99029
   1.10700 ,    1.99926 ,    1.99525
   1.10800 ,    2.00426 ,    2.00024
   1.10900 ,    2.00929 ,    2.00524
   1.11000 ,    2.01434 ,    2.01026
   1.11100 ,    2.01941 ,    2.01530
   1.11200 ,    2.02449 ,    2.02036
   1.11300 ,    2.02960 ,    2.02544
   1.11400 ,    2.03473 ,    2.03054
   1.11500 ,    2.03988 ,    2.03567
   1.11600 ,    2.04506 ,    2.04081
   1.11700 ,    2.05025 ,    2.04598
   1.11800 ,    2.05546 ,    2.05116
   1.11900 ,    2.06070 ,    2.05637
   1.12000 ,    2.06596 ,    2.06160
   1.12100 ,    2.07123 ,    2.06685
   1.12200 ,    2.07654 ,    2.07212
   1.12300 ,    2.08186 ,    2.07741
   1.12400 ,    2.08720 ,    2.08273
   1.12500 ,    2.09257 ,    2.08807
   1.12600 ,    2.09796 ,    2.09343
   1.12700 ,    2.10337 ,    2.09881
   1.12800 ,    2.10881 ,    2.10421
   1.12900 ,    2.11427 ,    2.10964
   1.13000 ,    2.11975 ,    2.11509
   1.13100 ,    2.12526 ,    2.12057
   1.13200 ,    2.13078 ,    2.12606
   1.13300 ,    2.13634 ,    2.13158
   1.13400 ,    2.14191 ,    2.13713
   1.13500 ,    2.14751 ,    2.14269
   1.13600 ,    2.15314 ,    2.14829
   1.13700 ,    2.15878 ,    2.15390
   1.13800 ,    2.16446 ,    2.15954
   1.13900 ,    2.17015 ,    2.16520
   1.14000 ,    2.17588 ,    2.17089
   1.14100 ,    2.18162 ,    2.17660
   1.14200 ,    2.18739 ,    2.18234
   1.14300 ,    2.19319 ,    2.18810
   1.14400 ,    2.19901 ,    2.19389
   1.14500 ,    2.20486 ,    2.19971
   1.14600 ,    2.21074 ,    2.20554
   1.14700 ,    2.21664 ,    2.21141
   1.14800 ,    2.22256 ,    2.21730
   1.14900 ,    2.22852 ,    2.22322
   1.15000 ,    2.23450 ,    2.22916
   1.15100 ,    2.24050 ,    2.23513
   1.15200 ,    2.24654 ,    2.24112
   1.15300 ,    2.25260 ,    2.24715
   1.15400 ,    2.25869 ,    2.25320
   1.15500 ,    2.26480 ,    2.25927
   1.15600 ,    2.27094 ,    2.26538
   1.15700 ,    2.27712 ,    2.27151
   1.15800 ,    2.28331 ,    2.27767
   1.15900 ,    2.28954 ,    2.28386
   1.16000 ,    2.29580 ,    2.29007
   1.16100 ,    2.30208 ,    2.29632
   1.16200 ,    2.30840 ,    2.30259
   1.16300 ,    2.31474 ,    2.30889
   1.16400 ,    2.32111 ,    2.31522
   1.16500 ,    2.32752 ,    2.32158
   1.16600 ,    2.33395 ,    2.32797
   1.16700 ,    2.34041 ,    2.33439
   1.16800 ,    2.34690 ,    2.34084
   1.16900 ,    2.35343 ,    2.34732
   1.17000 ,    2.35998 ,    2.35383
   1.17100 ,    2.36657 ,    2.36037
   1.17200 ,    2.37318 ,    2.36694
   1.17300 ,    2.37983 ,    2.37355
   1.17400 ,    2.38651 ,    2.38018
   1.17500 ,    2.39322 ,    2.38684
   1.17600 ,    2.39996 ,    2.39354
   1.17700 ,    2.40674 ,    2.40027
   1.17800 ,    2.41355 ,    2.40703
   1.17900 ,    2.42039 ,    2.41383
   1.18000 ,    2.42727 ,    2.42065
   1.18100 ,    2.43417 ,    2.42751
   1.18200 ,    2.44112 ,    2.43440
   1.18300 ,    2.44809 ,    2.44133
   1.18400 ,    2.45510 ,    2.44829
   1.18500 ,    2.46215 ,    2.45528
   1.18600 ,    2.46923 ,    2.46231
   1.18700 ,    2.47634 ,    2.46938
   1.18800 ,    2.48349 ,    2.47647
   1.18900 ,    2.49068 ,    2.48361
   1.19000 ,    2.49790 ,    2.49078
   1.19100 ,    2.50516 ,    2.49798
   1.19200 ,    2.51245 ,    2.50522
   1.19300 ,    2.51978 ,    2.51250
   1.19400 ,    2.52715 ,    2.51981
   1.19500 ,    2.53456 ,    2.52716
   1.19600 ,    2.54200 ,    2.53454
   1.19700 ,    2.54948 ,    2.54197
   1.19800 ,    2.55700 ,    2.54943
   1.19900 ,    2.56456 ,    2.55693
   1.20000 ,    2.57215 ,    2.56447
   1.20100 ,    2.57979 ,    2.57204
   1.20200 ,    2.58746 ,    2.57966
   1.20300 ,    2.59518 ,    2.58731
   1.20400 ,    2.60293 ,    2.59501
   1.20500 ,    2.61073 ,    2.60274
   1.20600 ,    2.61856 ,    2.61052
   1.20700 ,    2.62644 ,    2.61833
   1.20800 ,    2.63436 ,    2.62619
   1.20900 ,    2.64232 ,    2.63408
   1.21000 ,    2.65032 ,    2.64202
   1.21100 ,    2.65837 ,    2.65000
   1.21200 ,    2.66646 ,    2.65802
   1.21300 ,    2.67459 ,    2.66609
   1.21400 ,    2.68277 ,    2.67420
   1.21500 ,    2.69098 ,    2.68235
   1.21600 ,    2.69925 ,    2.69054
   1.21700 ,    2.70756 ,    2.69878
   1.21800 ,    2.71591 ,    2.70707
   1.21900 ,    2.72431 ,    2.71539
   1.22000 ,    2.73275 ,    2.72377
   1.22100 ,    2.74125 ,    2.73219
   1.22200 ,    2.74978 ,    2.74065
   1.22300 ,    2.75837 ,    2.74916
   1.22400 ,    2.76700 ,    2.75772
   1.22500 ,    2.77568 ,    2.76633
   1.22600 ,    2.78441 ,    2.77498
   1.22700 ,    2.79319 ,    2.78368
   1.22800 ,    2.80201 ,    2.79243
   1.22900 ,    2.81089 ,    2.80123
   1.23000 ,    2.81982 ,    2.81007
   1.23100 ,    2.82879 ,    2.81897
   1.23200 ,    2.83782 ,    2.82792
   1.23300 ,    2.84690 ,    2.83691
   1.23400 ,    2.85603 ,    2.84596
   1.23500 ,    2.86521 ,    2.85506
   1.23600 ,    2.87445 ,    2.86421
   1.23700 ,    2.88374 ,    2.87342
   1.23800 ,    2.89308 ,    2.88267
   1.23900 ,    2.90248 ,    2.89198
   1.24000 ,    2.91193 ,    2.90135
   1.24100 ,    2.92144 ,    2.91076
   1.24200 ,    2.93100 ,    2.92024
   1.24300 ,    2.94062 ,    2.92976
   1.24400 ,    2.95029 ,    2.93935
   1.24500 ,    2.96003 ,    2.94899
   1.24600 ,    2.96982 ,    2.95868
   1.24700 ,    2.97967 ,    2.96844
   1.24800 ,    2.98957 ,    2.97825
   1.24900 ,    2.99954 ,    2.98812
   1.25000 ,    3.00957 ,    2.99805
   1.25100 ,    3.01966 ,    3.00804
   1.25200 ,    3.02981 ,    3.01808
   1.25300 ,    3.04002 ,    3.02819
   1.25400 ,    3.05029 ,    3.03836
   1.25500 ,    3.06063 ,    3.04859
   1.25600 ,    3.07103 ,    3.05889
   1.25700 ,    3.08149 ,    3.06924
   1.25800 ,    3.09202 ,    3.07967
   1.25900 ,    3.10261 ,    3.09015
   1.26000 ,    3.11327 ,    3.10070
   1.26100 ,    3.12399 ,    3.11131
   1.26200 ,    3.13479 ,    3.12199
   1.26300 ,    3.14565 ,    3.13274
   1.26400 ,    3.15658 ,    3.14355
   1.26500 ,    3.16758 ,    3.15444
   1.26600 ,    3.17865 ,    3.16539
   1.26700 ,    3.18978 ,    3.17641
   1.26800 ,    3.20100 ,    3.18750
   1.26900 ,    3.21228 ,    3.19866
   1.27000 ,    3.22363 ,    3.20989
   1.27100 ,    3.23506 ,    3.22119
   1.27200 ,    3.24656 ,    3.23257
   1.27300 ,    3.25814 ,    3.24402
   1.27400 ,    3.26980 ,    3.25554
   1.27500 ,    3.28153 ,    3.26714
   1.27600 ,    3.29333 ,    3.27881
   1.27700 ,    3.30522 ,    3.29056
   1.27800 ,    3.31718 ,    3.30239
   1.27900 ,    3.32923 ,    3.31430
   1.28000 ,    3.34135 ,    3.32628
   1.28100 ,    3.35356 ,    3.33835
   1.28200 ,    3.36584 ,    3.35049
   1.28300 ,    3.37821 ,    3.36272
   1.28400 ,    3.39067 ,    3.37502
   1.28500 ,    3.40321 ,    3.38741
   1.28600 ,    3.41583 ,    3.39989
   1.28700 ,    3.42854 ,    3.41245
   1.28800 ,    3.44134 ,    3.42509
   1.28900 ,    3.45423 ,    3.43782
   1.29000 ,    3.46721 ,    3.45064
   1.29100 ,    3.48027 ,    3.46355
   1.29200 ,    3.49343 ,    3.47655
   1.29300 ,    3.50668 ,    3.48963
   1.29400 ,    3.52002 ,    3.50281
   1.29500 ,    3.53346 ,    3.51608
   1.29600 ,    3.54700 ,    3.52944
   1.29700 ,    3.56063 ,    3.54290
   1.29800 ,    3.57435 ,    3.55645
   1.29900 ,    3.58818 ,    3.57010
   1.30000 ,    3.60210 ,    3.58385
   1.30100 ,    3.61613 ,    3.59769
   1.30200 ,    3.63026 ,    3.61163
   1.30300 ,    3.64449 ,    3.62568
   1.30400 ,    3.65882 ,    3.63982
   1.30500 ,    3.67326 ,    3.65407
   1.30600 ,    3.68781 ,    3.66842
   1.30700 ,    3.70246 ,    3.68288
   1.30800 ,    3.71722 ,    3.69744
   1.30900 ,    3.73210 ,    3.71211
   1.31000 ,    3.74708 ,    3.72689
   1.31100 ,    3.76218 ,    3.74178
   1.31200 ,    3.77739 ,    3.75679
   1.31300 ,    3.79272 ,    3.77190
   1.31400 ,    3.80816 ,    3.78713
   1.31500 ,    3.82372 ,    3.80247
   1.31600 ,    3.83940 ,    3.81793
   1.31700 ,    3.85520 ,    3.83350
   1.31800 ,    3.87113 ,    3.84920
   1.31900 ,    3.88717 ,    3.86502
   1.32000 ,    3.90335 ,    3.88095
   1.32100 ,    3.91965 ,    3.89702
   1.32200 ,    3.93608 ,    3.91320
   1.32300 ,    3.95263 ,    3.92952
   1.32400 ,    3.96932 ,    3.94596
   1.32500 ,    3.98615 ,    3.96253
   1.32600 ,    4.00310 ,    3.97923
   1.32700 ,    4.02020 ,    3.99606
   1.32800 ,    4.03743 ,    4.01303
   1.32900 ,    4.05480 ,    4.03014
   1.33000 ,    4.07231 ,    4.04738
   1.33100 ,    4.08997 ,    4.06476
   1.33200 ,    4.10777 ,    4.08228
   1.33300 ,    4.12571 ,    4.09995
   1.33400 ,    4.14381 ,    4.11776
   1.33500 ,    4.16206 ,    4.13571
   1.33600 ,    4.18046 ,    4.15382
   1.33700 ,    4.19901 ,    4.17207
   1.33800 ,    4.21772 ,    4.19048
   1.33900 ,    4.23659 ,    4.20904
   1.34000 ,    4.25562 ,    4.22775
   1.34100 ,    4.27481 ,    4.24663
   1.34200 ,    4.29417 ,    4.26566
   1.34300 ,    4.31369 ,    4.28486
   1.34400 ,    4.33338 ,    4.30422
   1.34500 ,    4.35325 ,    4.32374
   1.34600 ,    4.37329 ,    4.34344
   1.34700 ,    4.39350 ,    4.36330
   1.34800 ,    4.41389 ,    4.38334
   1.34900 ,    4.43447 ,    4.40355
   1.35000 ,    4.45522 ,    4.42395
   1.35100 ,    4.47616 ,    4.44452
   1.35200 ,    4.49729 ,    4.46527
   1.35300 ,    4.51862 ,    4.48621
   1.35400 ,    4.54013 ,    4.50734
   1.35500 ,    4.56184 ,    4.52865
   1.35600 ,    4.58375 ,    4.55016
   1.35700 ,    4.60587 ,    4.57186
   1.35800 ,    4.62818 ,    4.59377
   1.35900 ,    4.65071 ,    4.61587
   1.36000 ,    4.67344 ,    4.63818
   1.36100 ,    4.69639 ,    4.66069
   1.36200 ,    4.71955 ,    4.68341
   1.36300 ,    4.74294 ,    4.70634
   1.36400 ,    4.76655 ,    4.72949
   1.36500 ,    4.79038 ,    4.75286
   1.36600 ,    4.81444 ,    4.77645
   1.36700 ,    4.83874 ,    4.80027
   1.36800 ,    4.86327 ,    4.82431
   1.36900 ,    4.88804 ,    4.84858
   1.37000 ,    4.91306 ,    4.87309
   1.37100 ,    4.93832 ,    4.89784
   1.37200 ,    4.96383 ,    4.92283
   1.37300 ,    4.98960 ,    4.94806
   1.37400 ,    5.01563 ,    4.97355
   1.37500 ,    5.04192 ,    4.99928
   1.37600 ,    5.06847 ,    5.02527
   1.37700 ,    5.09530 ,    5.05153
   1.37800 ,    5.12240 ,    5.07805
   1.37900 ,    5.14977 ,    5.10483
   1.38000 ,    5.17744 ,    5.13189
   1.38100 ,    5.20539 ,    5.15923
   1.38200 ,    5.23363 ,    5.18685
   1.38300 ,    5.26217 ,    5.21475
   1.38400 ,    5.29101 ,    5.24294
   1.38500 ,    5.32016 ,    5.27143
   1.38600 ,    5.34962 ,    5.30022
   1.38700 ,    5.37940 ,    5.32931
   1.38800 ,    5.40950 ,    5.35871
   1.38900 ,    5.43993 ,    5.38843
   1.39000 ,    5.47069 ,    5.41846
   1.39100 ,    5.50179 ,    5.44882
   1.39200 ,    5.53323 ,    5.47951
   1.39300 ,    5.56502 ,    5.51054
   1.39400 ,    5.59717 ,    5.54190
   1.39500 ,    5.62968 ,    5.57362
   1.39600 ,    5.66256 ,    5.60568
   1.39700 ,    5.69581 ,    5.63811
   1.39800 ,    5.72945 ,    5.67089
   1.39900 ,    5.76347 ,    5.70405
   1.40000 ,    5.79788 ,    5.73759
   1.40100 ,    5.83270 ,    5.77151
   1.40200 ,    5.86793 ,    5.80582
   1.40300 ,    5.90357 ,    5.84053
   1.40400 ,    5.93963 ,    5.87564
   1.40500 ,    5.97613 ,    5.91116
   1.40600 ,    6.01306 ,    5.94710
   1.40700 ,    6.05045 ,    5.98347
   1.40800 ,    6.08828 ,    6.02027
   1.40900 ,    6.12658 ,    6.05752
   1.41000 ,    6.16536 ,    6.09521
   1.41100 ,    6.20461 ,    6.13336
   1.41200 ,    6.24435 ,    6.17198
   1.41300 ,    6.28460 ,    6.21107
   1.41400 ,    6.32535 ,    6.25065
   1.41500 ,    6.36662 ,    6.29072
   1.41600 ,    6.40842 ,    6.33130
   1.41700 ,    6.45076 ,    6.37238
   1.41800 ,    6.49365 ,    6.41399
   1.41900 ,    6.53710 ,    6.45613
   1.42000 ,    6.58112 ,    6.49881
   1.42100 ,    6.62572 ,    6.54204
   1.42200 ,    6.67092 ,    6.58584
   1.42300 ,    6.71673 ,    6.63021
   1.42400 ,    6.76316 ,    6.67517
   1.42500 ,    6.81022 ,    6.72073
   1.42600 ,    6.85792 ,    6.76690
   1.42700 ,    6.90628 ,    6.81369
   1.42800 ,    6.95532 ,    6.86112
   1.42900 ,    7.00504 ,    6.90919
   1.43000 ,    7.05546 ,    6.95793
   1.43100 ,    7.10660 ,    7.00734
   1.43200 ,    7.15848 ,    7.05745
   1.43300 ,    7.21110 ,    7.10825
   1.43400 ,    7.26448 ,    7.15978
   1.43500 ,    7.31865 ,    7.21204
   1.43600 ,    7.37361 ,    7.26506
   1.43700 ,    7.42939 ,    7.31884
   1.43800 ,    7.48601 ,    7.37340
   1.43900 ,    7.54348 ,    7.42877
   1.44000 ,    7.60183 ,    7.48496
   1.44100 ,    7.66106 ,    7.54198
   1.44200 ,    7.72122 ,    7.59986
   1.44300 ,    7.78231 ,    7.65862
   1.44400 ,    7.84435 ,    7.71827
   1.44500 ,    7.90738 ,    7.77885
   1.44600 ,    7.97141 ,    7.84036
   1.44700 ,    8.03648 ,    7.90283
   1.44800 ,    8.10259 ,    7.96628
   1.44900 ,    8.16979 ,    8.03074
   1.45000 ,    8.23809 ,    8.09624
   1.45100 ,    8.30753 ,    8.16279
   1.45200 ,    8.37813 ,    8.23042
   1.45300 ,    8.44993 ,    8.29916
   1.45400 ,    8.52295 ,    8.36903
   1.45500 ,    8.59722 ,    8.44007
   1.45600 ,    8.67278 ,    8.51231
   1.45700 ,    8.74966 ,    8.58577
   1.45800 ,    8.82791 ,    8.66048
   1.45900 ,    8.90754 ,    8.73649
   1.46000 ,    8.98861 ,    8.81381
   1.46100 ,    9.07114 ,    8.89250
   1.46200 ,    9.15519 ,    8.97257
   1.46300 ,    9.24079 ,    9.05408
   1.46400 ,    9.32799 ,    9.13706
   1.46500 ,    9.41683 ,    9.22154
   1.46600 ,    9.50736 ,    9.30758
   1.46700 ,    9.59963 ,    9.39521
   1.46800 ,    9.69368 ,    9.48448
   1.46900 ,    9.78958 ,    9.57544
   1.47000 ,    9.88737 ,    9.66813
   1.47100 ,    9.98712 ,    9.76260
   1.47200 ,   10.08888 ,    9.85891
   1.47300 ,   10.19271 ,    9.95710
   1.47400 ,   10.29868 ,   10.05725
   1.47500 ,   10.40686 ,   10.15940
   1.47600 ,   10.51731 ,   10.26361
   1.47700 ,   10.63011 ,   10.36995
   1.47800 ,   10.74534 ,   10.47849
   1.47900 ,   10.86307 ,   10.58929
   1.48000 ,   10.98338 ,   10.70242
   1.48100 ,   11.10636 ,   10.81796
   1.48200 ,   11.23211 ,   10.93599
   1.48300 ,   11.36072 ,   11.05658
   1.48400 ,   11.49228 ,   11.17983
   1.48500 ,   11.62690 ,   11.30582
   1.48600 ,   11.76468 ,   11.43464
   1.48700 ,   11.90575 ,   11.56639
   1.48800 ,   12.05022 ,   11.70118
   1.48900 ,   12.19821 ,   11.83909
   1.49000 ,   12.34986 ,   11.98026
   1.49100 ,   12.50530 ,   12.12478
   1.49200 ,   12.66467 ,   12.27279
   1.49300 ,   12.82813 ,   12.42442
   1.49400 ,   12.99585 ,   12.57978
   1.49500 ,   13.16798 ,   12.73903
   1.49600 ,   13.34470 ,   12.90232
   1.49700 ,   13.52620 ,   13.06979
   1.49800 ,   13.71268 ,   13.24160
   1.49900 ,   13.90435 ,   13.41794
   1.50000 ,   14.10142 ,   13.59899
   1.50100 ,   14.30413 ,   13.78492
   1.50200 ,   14.51272 ,   13.97594
   1.50300 ,   14.72746 ,   14.17227
   1.50400 ,   14.94861 ,   14.37412
   1.50500 ,   15.17648 ,   14.58174
   1.50600 ,   15.41137 ,   14.79537
   1.50700 ,   15.65361 ,   15.01527
   1.50800 ,   15.90356 ,   15.24173
   1.50900 ,   16.16159 ,   15.47504
   1.51000 ,   16.42809 ,   15.71551
   1.51100 ,   16.70350 ,   15.96349
   1.51200 ,   16.98826 ,   16.21932
   1.51300 ,   17.28287 ,   16.48339
   1.51400 ,   17.58784 ,   16.75609
   1.51500 ,   17.90372 ,   17.03786
   1.51600 ,   18.23113 ,   17.32915
   1.51700 ,   18.57069 ,   17.63045
   1.51800 ,   18.92311 ,   17.94228
   1.51900 ,   19.28912 ,   18.26521
   1.52000 ,   19.66953 ,   18.59982
   1.52100 ,   20.06520 ,   18.94678
   1.52200 ,   20.47708 ,   19.30676
   1.52300 ,   20.90618 ,   19.68051
   1.52400 ,   21.35360 ,   20.06883
   1.52500 ,   21.82054 ,   20.47259
   1.52600 ,   22.30832 ,   20.89271
   1.52700 ,   22.81836 ,   21.33022
   1.52800 ,   23.35222 ,   21.78620
   1.52900 ,   23.91161 ,   22.26184
   1.53000 ,   24.49841 ,   22.75843
   1.53100 ,   25.11468 ,   23.27737
   1.53200 ,   25.76270 ,   23.82021
   1.53300 ,   26.44500 ,   24.38861
   1.53400 ,   27.16436 ,   24.98441
   1.53500 ,   27.92389 ,   25.60964
   1.53600 ,   28.72707 ,   26.26649
   1.53700 ,   29.57775 ,   26.95742
   1.53800 ,   30.48029 ,   27.68512
   1.53900 ,   31.43957 ,   28.45259
   1.54000 ,   32.46114 ,   29.26314
   1.54100 ,   33.55125 ,   30.12047
   1.54200 ,   34.71705 ,   31.02871
   1.54300 ,   35.96671 ,   31.99249
   1.54400 ,   37.30962 ,   33.01701
   1.54500 ,   38.75661 ,   34.10813
   1.54600 ,   40.32029 ,   35.27250
   1.54700 ,   42.01536 ,   36.51765
   1.54800 ,   43.85912 ,   37.85218
   1.54900 ,   45.87202 ,   39.28597
   1.55000 ,   48.07848 ,   40.83036
