   0.00000 ,    0.00000
   0.00100 ,    0.00100
   0.00200 ,    0.00200
   0.00300 ,    0.00300
   0.00400 ,    0.00400
   0.00500 ,    0.00500
   0.00600 ,    0.00600
   0.00700 ,    0.00700
   0.00800 ,    0.00800
   0.00900 ,    0.00900
   0.01000 ,    0.01000
   0.01100 ,    0.01100
   0.01200 ,    0.01200
   0.01300 ,    0.01300
   0.01400 ,    0.01400
   0.01500 ,    0.01500
   0.01600 ,    0.01600
   0.01700 ,    0.01700
   0.01800 ,    0.01800
   0.01900 ,    0.01900
   0.02000 ,    0.02000
   0.02100 ,    0.02100
   0.02200 ,    0.02200
   0.02300 ,    0.02300
   0.02400 ,    0.02400
   0.02500 ,    0.02501
   0.02600 ,    0.02601
   0.02700 ,    0.02701
   0.02800 ,    0.02801
   0.02900 ,    0.02901
   0.03000 ,    0.03001
   0.03100 ,    0.03101
   0.03200 ,    0.03201
   0.03300 ,    0.03301
   0.03400 ,    0.03401
   0.03500 ,    0.03501
   0.03600 ,    0.03602
   0.03700 ,    0.03702
   0.03800 ,    0.03802
   0.03900 ,    0.03902
   0.04000 ,    0.04002
   0.04100 ,    0.04102
   0.04200 ,    0.04202
   0.04300 ,    0.04303
   0.04400 ,    0.04403
   0.04500 ,    0.04503
   0.04600 ,    0.04603
   0.04700 ,    0.04703
   0.04800 ,    0.04804
   0.04900 ,    0.04904
   0.05000 ,    0.05004
   0.05100 ,    0.05104
   0.05200 ,    0.05205
   0.05300 ,    0.05305
   0.05400 ,    0.05405
   0.05500 ,    0.05506
   0.05600 ,    0.05606
   0.05700 ,    0.05706
   0.05800 ,    0.05807
   0.05900 ,    0.05907
   0.06000 ,    0.06007
   0.06100 ,    0.06108
   0.06200 ,    0.06208
   0.06300 ,    0.06308
   0.06400 ,    0.06409
   0.06500 ,    0.06509
   0.06600 ,    0.06610
   0.06700 ,    0.06710
   0.06800 ,    0.06810
   0.06900 ,    0.06911
   0.07000 ,    0.07011
   0.07100 ,    0.07112
   0.07200 ,    0.07212
   0.07300 ,    0.07313
   0.07400 ,    0.07414
   0.07500 ,    0.07514
   0.07600 ,    0.07615
   0.07700 ,    0.07715
   0.07800 ,    0.07816
   0.07900 ,    0.07916
   0.08000 ,    0.08017
   0.08100 ,    0.08118
   0.08200 ,    0.08218
   0.08300 ,    0.08319
   0.08400 ,    0.08420
   0.08500 ,    0.08521
   0.08600 ,    0.08621
   0.08700 ,    0.08722
   0.08800 ,    0.08823
   0.08900 ,    0.08924
   0.09000 ,    0.09024
   0.09100 ,    0.09125
   0.09200 ,    0.09226
   0.09300 ,    0.09327
   0.09400 ,    0.09428
   0.09500 ,    0.09529
   0.09600 ,    0.09630
   0.09700 ,    0.09731
   0.09800 ,    0.09831
   0.09900 ,    0.09932
   0.10000 ,    0.10033
   0.10100 ,    0.10134
   0.10200 ,    0.10236
   0.10300 ,    0.10337
   0.10400 ,    0.10438
   0.10500 ,    0.10539
   0.10600 ,    0.10640
   0.10700 ,    0.10741
   0.10800 ,    0.10842
   0.10900 ,    0.10943
   0.11000 ,    0.11045
   0.11100 ,    0.11146
   0.11200 ,    0.11247
   0.11300 ,    0.11348
   0.11400 ,    0.11450
   0.11500 ,    0.11551
   0.11600 ,    0.11652
   0.11700 ,    0.11754
   0.11800 ,    0.11855
   0.11900 ,    0.11956
   0.12000 ,    0.12058
   0.12100 ,    0.12159
   0.12200 ,    0.12261
   0.12300 ,    0.12362
   0.12400 ,    0.12464
   0.12500 ,    0.12566
   0.12600 ,    0.12667
   0.12700 ,    0.12769
   0.12800 ,    0.12870
   0.12900 ,    0.12972
   0.13000 ,    0.13074
   0.13100 ,    0.13175
   0.13200 ,    0.13277
   0.13300 ,    0.13379
   0.13400 ,    0.13481
   0.13500 ,    0.13583
   0.13600 ,    0.13684
   0.13700 ,    0.13786
   0.13800 ,    0.13888
   0.13900 ,    0.13990
   0.14000 ,    0.14092
   0.14100 ,    0.14194
   0.14200 ,    0.14296
   0.14300 ,    0.14398
   0.14400 ,    0.14500
   0.14500 ,    0.14602
   0.14600 ,    0.14705
   0.14700 ,    0.14807
   0.14800 ,    0.14909
   0.14900 ,    0.15011
   0.15000 ,    0.15114
   0.15100 ,    0.15216
   0.15200 ,    0.15318
   0.15300 ,    0.15421
   0.15400 ,    0.15523
   0.15500 ,    0.15625
   0.15600 ,    0.15728
   0.15700 ,    0.15830
   0.15800 ,    0.15933
   0.15900 ,    0.16035
   0.16000 ,    0.16138
   0.16100 ,    0.16241
   0.16200 ,    0.16343
   0.16300 ,    0.16446
   0.16400 ,    0.16549
   0.16500 ,    0.16651
   0.16600 ,    0.16754
   0.16700 ,    0.16857
   0.16800 ,    0.16960
   0.16900 ,    0.17063
   0.17000 ,    0.17166
   0.17100 ,    0.17269
   0.17200 ,    0.17372
   0.17300 ,    0.17475
   0.17400 ,    0.17578
   0.17500 ,    0.17681
   0.17600 ,    0.17784
   0.17700 ,    0.17887
   0.17800 ,    0.17990
   0.17900 ,    0.18094
   0.18000 ,    0.18197
   0.18100 ,    0.18300
   0.18200 ,    0.18404
   0.18300 ,    0.18507
   0.18400 ,    0.18610
   0.18500 ,    0.18714
   0.18600 ,    0.18818
   0.18700 ,    0.18921
   0.18800 ,    0.19025
   0.18900 ,    0.19128
   0.19000 ,    0.19232
   0.19100 ,    0.19336
   0.19200 ,    0.19439
   0.19300 ,    0.19543
   0.19400 ,    0.19647
   0.19500 ,    0.19751
   0.19600 ,    0.19855
   0.19700 ,    0.19959
   0.19800 ,    0.20063
   0.19900 ,    0.20167
   0.20000 ,    0.20271
   0.20100 ,    0.20375
   0.20200 ,    0.20479
   0.20300 ,    0.20584
   0.20400 ,    0.20688
   0.20500 ,    0.20792
   0.20600 ,    0.20896
   0.20700 ,    0.21001
   0.20800 ,    0.21105
   0.20900 ,    0.21210
   0.21000 ,    0.21314
   0.21100 ,    0.21419
   0.21200 ,    0.21523
   0.21300 ,    0.21628
   0.21400 ,    0.21733
   0.21500 ,    0.21838
   0.21600 ,    0.21942
   0.21700 ,    0.22047
   0.21800 ,    0.22152
   0.21900 ,    0.22257
   0.22000 ,    0.22362
   0.22100 ,    0.22467
   0.22200 ,    0.22572
   0.22300 ,    0.22677
   0.22400 ,    0.22782
   0.22500 ,    0.22888
   0.22600 ,    0.22993
   0.22700 ,    0.23098
   0.22800 ,    0.23203
   0.22900 ,    0.23309
   0.23000 ,    0.23414
   0.23100 ,    0.23520
   0.23200 ,    0.23625
   0.23300 ,    0.23731
   0.23400 ,    0.23837
   0.23500 ,    0.23942
   0.23600 ,    0.24048
   0.23700 ,    0.24154
   0.23800 ,    0.24260
   0.23900 ,    0.24366
   0.24000 ,    0.24472
   0.24100 ,    0.24578
   0.24200 ,    0.24684
   0.24300 ,    0.24790
   0.24400 ,    0.24896
   0.24500 ,    0.25002
   0.24600 ,    0.25109
   0.24700 ,    0.25215
   0.24800 ,    0.25321
   0.24900 ,    0.25428
   0.25000 ,    0.25534
   0.25100 ,    0.25641
   0.25200 ,    0.25747
   0.25300 ,    0.25854
   0.25400 ,    0.25961
   0.25500 ,    0.26067
   0.25600 ,    0.26174
   0.25700 ,    0.26281
   0.25800 ,    0.26388
   0.25900 ,    0.26495
   0.26000 ,    0.26602
   0.26100 ,    0.26709
   0.26200 ,    0.26816
   0.26300 ,    0.26924
   0.26400 ,    0.27031
   0.26500 ,    0.27138
   0.26600 ,    0.27246
   0.26700 ,    0.27353
   0.26800 ,    0.27461
   0.26900 ,    0.27568
   0.27000 ,    0.27676
   0.27100 ,    0.27783
   0.27200 ,    0.27891
   0.27300 ,    0.27999
   0.27400 ,    0.28107
   0.27500 ,    0.28215
   0.27600 ,    0.28323
   0.27700 ,    0.28431
   0.27800 ,    0.28539
   0.27900 ,    0.28647
   0.28000 ,    0.28755
   0.28100 ,    0.28864
   0.28200 ,    0.28972
   0.28300 ,    0.29081
   0.28400 ,    0.29189
   0.28500 ,    0.29298
   0.28600 ,    0.29406
   0.28700 ,    0.29515
   0.28800 ,    0.29624
   0.28900 ,    0.29732
   0.29000 ,    0.29841
   0.29100 ,    0.29950
   0.29200 ,    0.30059
   0.29300 ,    0.30168
   0.29400 ,    0.30277
   0.29500 ,    0.30387
   0.29600 ,    0.30496
   0.29700 ,    0.30605
   0.29800 ,    0.30715
   0.29900 ,    0.30824
   0.30000 ,    0.30934
   0.30100 ,    0.31043
   0.30200 ,    0.31153
   0.30300 ,    0.31263
   0.30400 ,    0.31372
   0.30500 ,    0.31482
   0.30600 ,    0.31592
   0.30700 ,    0.31702
   0.30800 ,    0.31812
   0.30900 ,    0.31923
   0.31000 ,    0.32033
   0.31100 ,    0.32143
   0.31200 ,    0.32253
   0.31300 ,    0.32364
   0.31400 ,    0.32474
   0.31500 ,    0.32585
   0.31600 ,    0.32696
   0.31700 ,    0.32806
   0.31800 ,    0.32917
   0.31900 ,    0.33028
   0.32000 ,    0.33139
   0.32100 ,    0.33250
   0.32200 ,    0.33361
   0.32300 ,    0.33472
   0.32400 ,    0.33583
   0.32500 ,    0.33695
   0.32600 ,    0.33806
   0.32700 ,    0.33918
   0.32800 ,    0.34029
   0.32900 ,    0.34141
   0.33000 ,    0.34252
   0.33100 ,    0.34364
   0.33200 ,    0.34476
   0.33300 ,    0.34588
   0.33400 ,    0.34700
   0.33500 ,    0.34812
   0.33600 ,    0.34924
   0.33700 ,    0.35037
   0.33800 ,    0.35149
   0.33900 ,    0.35261
   0.34000 ,    0.35374
   0.34100 ,    0.35486
   0.34200 ,    0.35599
   0.34300 ,    0.35712
   0.34400 ,    0.35824
   0.34500 ,    0.35937
   0.34600 ,    0.36050
   0.34700 ,    0.36163
   0.34800 ,    0.36276
   0.34900 ,    0.36390
   0.35000 ,    0.36503
   0.35100 ,    0.36616
   0.35200 ,    0.36730
   0.35300 ,    0.36843
   0.35400 ,    0.36957
   0.35500 ,    0.37071
   0.35600 ,    0.37184
   0.35700 ,    0.37298
   0.35800 ,    0.37412
   0.35900 ,    0.37526
   0.36000 ,    0.37640
   0.36100 ,    0.37754
   0.36200 ,    0.37869
   0.36300 ,    0.37983
   0.36400 ,    0.38098
   0.36500 ,    0.38212
   0.36600 ,    0.38327
   0.36700 ,    0.38442
   0.36800 ,    0.38556
   0.36900 ,    0.38671
   0.37000 ,    0.38786
   0.37100 ,    0.38901
   0.37200 ,    0.39017
   0.37300 ,    0.39132
   0.37400 ,    0.39247
   0.37500 ,    0.39363
   0.37600 ,    0.39478
   0.37700 ,    0.39594
   0.37800 ,    0.39710
   0.37900 ,    0.39825
   0.38000 ,    0.39941
   0.38100 ,    0.40057
   0.38200 ,    0.40173
   0.38300 ,    0.40290
   0.38400 ,    0.40406
   0.38500 ,    0.40522
   0.38600 ,    0.40639
   0.38700 ,    0.40755
   0.38800 ,    0.40872
   0.38900 ,    0.40989
   0.39000 ,    0.41105
   0.39100 ,    0.41222
   0.39200 ,    0.41339
   0.39300 ,    0.41457
   0.39400 ,    0.41574
   0.39500 ,    0.41691
   0.39600 ,    0.41809
   0.39700 ,    0.41926
   0.39800 ,    0.42044
   0.39900 ,    0.42161
   0.40000 ,    0.42279
   0.40100 ,    0.42397
   0.40200 ,    0.42515
   0.40300 ,    0.42633
   0.40400 ,    0.42752
   0.40500 ,    0.42870
   0.40600 ,    0.42988
   0.40700 ,    0.43107
   0.40800 ,    0.43226
   0.40900 ,    0.43344
   0.41000 ,    0.43463
   0.41100 ,    0.43582
   0.41200 ,    0.43701
   0.41300 ,    0.43820
   0.41400 ,    0.43940
   0.41500 ,    0.44059
   0.41600 ,    0.44178
   0.41700 ,    0.44298
   0.41800 ,    0.44418
   0.41900 ,    0.44537
   0.42000 ,    0.44657
   0.42100 ,    0.44777
   0.42200 ,    0.44897
   0.42300 ,    0.45018
   0.42400 ,    0.45138
   0.42500 ,    0.45258
   0.42600 ,    0.45379
   0.42700 ,    0.45499
   0.42800 ,    0.45620
   0.42900 ,    0.45741
   0.43000 ,    0.45862
   0.43100 ,    0.45983
   0.43200 ,    0.46104
   0.43300 ,    0.46226
   0.43400 ,    0.46347
   0.43500 ,    0.46469
   0.43600 ,    0.46590
   0.43700 ,    0.46712
   0.43800 ,    0.46834
   0.43900 ,    0.46956
   0.44000 ,    0.47078
   0.44100 ,    0.47200
   0.44200 ,    0.47323
   0.44300 ,    0.47445
   0.44400 ,    0.47568
   0.44500 ,    0.47690
   0.44600 ,    0.47813
   0.44700 ,    0.47936
   0.44800 ,    0.48059
   0.44900 ,    0.48182
   0.45000 ,    0.48305
   0.45100 ,    0.48429
   0.45200 ,    0.48552
   0.45300 ,    0.48676
   0.45400 ,    0.48800
   0.45500 ,    0.48924
   0.45600 ,    0.49048
   0.45700 ,    0.49172
   0.45800 ,    0.49296
   0.45900 ,    0.49420
   0.46000 ,    0.49545
   0.46100 ,    0.49669
   0.46200 ,    0.49794
   0.46300 ,    0.49919
   0.46400 ,    0.50044
   0.46500 ,    0.50169
   0.46600 ,    0.50294
   0.46700 ,    0.50420
   0.46800 ,    0.50545
   0.46900 ,    0.50671
   0.47000 ,    0.50797
   0.47100 ,    0.50922
   0.47200 ,    0.51048
   0.47300 ,    0.51175
   0.47400 ,    0.51301
   0.47500 ,    0.51427
   0.47600 ,    0.51554
   0.47700 ,    0.51680
   0.47800 ,    0.51807
   0.47900 ,    0.51934
   0.48000 ,    0.52061
   0.48100 ,    0.52188
   0.48200 ,    0.52316
   0.48300 ,    0.52443
   0.48400 ,    0.52571
   0.48500 ,    0.52698
   0.48600 ,    0.52826
   0.48700 ,    0.52954
   0.48800 ,    0.53082
   0.48900 ,    0.53210
   0.49000 ,    0.53339
   0.49100 ,    0.53467
   0.49200 ,    0.53596
   0.49300 ,    0.53725
   0.49400 ,    0.53854
   0.49500 ,    0.53983
   0.49600 ,    0.54112
   0.49700 ,    0.54241
   0.49800 ,    0.54371
   0.49900 ,    0.54500
   0.50000 ,    0.54630
   0.50100 ,    0.54760
   0.50200 ,    0.54890
   0.50300 ,    0.55020
   0.50400 ,    0.55151
   0.50500 ,    0.55281
   0.50600 ,    0.55412
   0.50700 ,    0.55543
   0.50800 ,    0.55674
   0.50900 ,    0.55805
   0.51000 ,    0.55936
   0.51100 ,    0.56067
   0.51200 ,    0.56199
   0.51300 ,    0.56330
   0.51400 ,    0.56462
   0.51500 ,    0.56594
   0.51600 ,    0.56726
   0.51700 ,    0.56859
   0.51800 ,    0.56991
   0.51900 ,    0.57123
   0.52000 ,    0.57256
   0.52100 ,    0.57389
   0.52200 ,    0.57522
   0.52300 ,    0.57655
   0.52400 ,    0.57789
   0.52500 ,    0.57922
   0.52600 ,    0.58056
   0.52700 ,    0.58189
   0.52800 ,    0.58323
   0.52900 ,    0.58457
   0.53000 ,    0.58592
   0.53100 ,    0.58726
   0.53200 ,    0.58861
   0.53300 ,    0.58995
   0.53400 ,    0.59130
   0.53500 ,    0.59265
   0.53600 ,    0.59401
   0.53700 ,    0.59536
   0.53800 ,    0.59671
   0.53900 ,    0.59807
   0.54000 ,    0.59943
   0.54100 ,    0.60079
   0.54200 ,    0.60215
   0.54300 ,    0.60351
   0.54400 ,    0.60488
   0.54500 ,    0.60625
   0.54600 ,    0.60761
   0.54700 ,    0.60898
   0.54800 ,    0.61036
   0.54900 ,    0.61173
   0.55000 ,    0.61311
   0.55100 ,    0.61448
   0.55200 ,    0.61586
   0.55300 ,    0.61724
   0.55400 ,    0.61862
   0.55500 ,    0.62001
   0.55600 ,    0.62139
   0.55700 ,    0.62278
   0.55800 ,    0.62417
   0.55900 ,    0.62556
   0.56000 ,    0.62695
   0.56100 ,    0.62834
   0.56200 ,    0.62974
   0.56300 ,    0.63114
   0.56400 ,    0.63254
   0.56500 ,    0.63394
   0.56600 ,    0.63534
   0.56700 ,    0.63674
   0.56800 ,    0.63815
   0.56900 ,    0.63956
   0.57000 ,    0.64097
   0.57100 ,    0.64238
   0.57200 ,    0.64379
   0.57300 ,    0.64521
   0.57400 ,    0.64663
   0.57500 ,    0.64805
   0.57600 ,    0.64947
   0.57700 ,    0.65089
   0.57800 ,    0.65231
   0.57900 ,    0.65374
   0.58000 ,    0.65517
   0.58100 ,    0.65660
   0.58200 ,    0.65803
   0.58300 ,    0.65946
   0.58400 ,    0.66090
   0.58500 ,    0.66234
   0.58600 ,    0.66378
   0.58700 ,    0.66522
   0.58800 ,    0.66666
   0.58900 ,    0.66811
   0.59000 ,    0.66956
   0.59100 ,    0.67100
   0.59200 ,    0.67246
   0.59300 ,    0.67391
   0.59400 ,    0.67536
   0.59500 ,    0.67682
   0.59600 ,    0.67828
   0.59700 ,    0.67974
   0.59800 ,    0.68120
   0.59900 ,    0.68267
   0.60000 ,    0.68414
   0.60100 ,    0.68561
   0.60200 ,    0.68708
   0.60300 ,    0.68855
   0.60400 ,    0.69002
   0.60500 ,    0.69150
   0.60600 ,    0.69298
   0.60700 ,    0.69446
   0.60800 ,    0.69595
   0.60900 ,    0.69743
   0.61000 ,    0.69892
   0.61100 ,    0.70041
   0.61200 ,    0.70190
   0.61300 ,    0.70339
   0.61400 ,    0.70489
   0.61500 ,    0.70639
   0.61600 ,    0.70789
   0.61700 ,    0.70939
   0.61800 ,    0.71089
   0.61900 ,    0.71240
   0.62000 ,    0.71391
   0.62100 ,    0.71542
   0.62200 ,    0.71693
   0.62300 ,    0.71845
   0.62400 ,    0.71996
   0.62500 ,    0.72148
   0.62600 ,    0.72301
   0.62700 ,    0.72453
   0.62800 ,    0.72606
   0.62900 ,    0.72758
   0.63000 ,    0.72911
   0.63100 ,    0.73065
   0.63200 ,    0.73218
   0.63300 ,    0.73372
   0.63400 ,    0.73526
   0.63500 ,    0.73680
   0.63600 ,    0.73834
   0.63700 ,    0.73989
   0.63800 ,    0.74144
   0.63900 ,    0.74299
   0.64000 ,    0.74454
   0.64100 ,    0.74610
   0.64200 ,    0.74766
   0.64300 ,    0.74922
   0.64400 ,    0.75078
   0.64500 ,    0.75234
   0.64600 ,    0.75391
   0.64700 ,    0.75548
   0.64800 ,    0.75705
   0.64900 ,    0.75863
   0.65000 ,    0.76020
   0.65100 ,    0.76178
   0.65200 ,    0.76336
   0.65300 ,    0.76495
   0.65400 ,    0.76654
   0.65500 ,    0.76812
   0.65600 ,    0.76972
   0.65700 ,    0.77131
   0.65800 ,    0.77290
   0.65900 ,    0.77450
   0.66000 ,    0.77610
   0.66100 ,    0.77771
   0.66200 ,    0.77931
   0.66300 ,    0.78092
   0.66400 ,    0.78253
   0.66500 ,    0.78415
   0.66600 ,    0.78576
   0.66700 ,    0.78738
   0.66800 ,    0.78900
   0.66900 ,    0.79063
   0.67000 ,    0.79225
   0.67100 ,    0.79388
   0.67200 ,    0.79551
   0.67300 ,    0.79715
   0.67400 ,    0.79879
   0.67500 ,    0.80042
   0.67600 ,    0.80207
   0.67700 ,    0.80371
   0.67800 ,    0.80536
   0.67900 ,    0.80701
   0.68000 ,    0.80866
   0.68100 ,    0.81032
   0.68200 ,    0.81197
   0.68300 ,    0.81363
   0.68400 ,    0.81530
   0.68500 ,    0.81696
   0.68600 ,    0.81863
   0.68700 ,    0.82030
   0.68800 ,    0.82198
   0.68900 ,    0.82366
   0.69000 ,    0.82534
   0.69100 ,    0.82702
   0.69200 ,    0.82870
   0.69300 ,    0.83039
   0.69400 ,    0.83208
   0.69500 ,    0.83378
   0.69600 ,    0.83547
   0.69700 ,    0.83717
   0.69800 ,    0.83887
   0.69900 ,    0.84058
   0.70000 ,    0.84229
   0.70100 ,    0.84400
   0.70200 ,    0.84571
   0.70300 ,    0.84743
   0.70400 ,    0.84915
   0.70500 ,    0.85087
   0.70600 ,    0.85260
   0.70700 ,    0.85433
   0.70800 ,    0.85606
   0.70900 ,    0.85779
   0.71000 ,    0.85953
   0.71100 ,    0.86127
   0.71200 ,    0.86301
   0.71300 ,    0.86476
   0.71400 ,    0.86651
   0.71500 ,    0.86826
   0.71600 ,    0.87002
   0.71700 ,    0.87177
   0.71800 ,    0.87354
   0.71900 ,    0.87530
   0.72000 ,    0.87707
   0.72100 ,    0.87884
   0.72200 ,    0.88061
   0.72300 ,    0.88239
   0.72400 ,    0.88417
   0.72500 ,    0.88595
   0.72600 ,    0.88774
   0.72700 ,    0.88953
   0.72800 ,    0.89132
   0.72900 ,    0.89312
   0.73000 ,    0.89492
   0.73100 ,    0.89672
   0.73200 ,    0.89853
   0.73300 ,    0.90033
   0.73400 ,    0.90215
   0.73500 ,    0.90396
   0.73600 ,    0.90578
   0.73700 ,    0.90760
   0.73800 ,    0.90943
   0.73900 ,    0.91126
   0.74000 ,    0.91309
   0.74100 ,    0.91492
   0.74200 ,    0.91676
   0.74300 ,    0.91861
   0.74400 ,    0.92045
   0.74500 ,    0.92230
   0.74600 ,    0.92415
   0.74700 ,    0.92601
   0.74800 ,    0.92787
   0.74900 ,    0.92973
   0.75000 ,    0.93160
   0.75100 ,    0.93347
   0.75200 ,    0.93534
   0.75300 ,    0.93722
   0.75400 ,    0.93910
   0.75500 ,    0.94098
   0.75600 ,    0.94287
   0.75700 ,    0.94476
   0.75800 ,    0.94665
   0.75900 ,    0.94855
   0.76000 ,    0.95045
   0.76100 ,    0.95236
   0.76200 ,    0.95427
   0.76300 ,    0.95618
   0.76400 ,    0.95809
   0.76500 ,    0.96001
   0.76600 ,    0.96194
   0.76700 ,    0.96386
   0.76800 ,    0.96579
   0.76900 ,    0.96773
   0.77000 ,    0.96967
   0.77100 ,    0.97161
   0.77200 ,    0.97356
   0.77300 ,    0.97551
   0.77400 ,    0.97746
   0.77500 ,    0.97942
   0.77600 ,    0.98138
   0.77700 ,    0.98334
   0.77800 ,    0.98531
   0.77900 ,    0.98728
   0.78000 ,    0.98926
   0.78100 ,    0.99124
   0.78200 ,    0.99323
   0.78300 ,    0.99521
   0.78400 ,    0.99721
   0.78500 ,    0.99920
   0.78600 ,    1.00120
   0.78700 ,    1.00321
   0.78800 ,    1.00522
   0.78900 ,    1.00723
   0.79000 ,    1.00925
   0.79100 ,    1.01127
   0.79200 ,    1.01329
   0.79300 ,    1.01532
   0.79400 ,    1.01735
   0.79500 ,    1.01939
   0.79600 ,    1.02143
   0.79700 ,    1.02348
   0.79800 ,    1.02553
   0.79900 ,    1.02758
   0.80000 ,    1.02964
   0.80100 ,    1.03170
   0.80200 ,    1.03377
   0.80300 ,    1.03584
   0.80400 ,    1.03791
   0.80500 ,    1.03999
   0.80600 ,    1.04208
   0.80700 ,    1.04416
   0.80800 ,    1.04626
   0.80900 ,    1.04835
   0.81000 ,    1.05045
   0.81100 ,    1.05256
   0.81200 ,    1.05467
   0.81300 ,    1.05678
   0.81400 ,    1.05890
   0.81500 ,    1.06103
   0.81600 ,    1.06316
   0.81700 ,    1.06529
   0.81800 ,    1.06743
   0.81900 ,    1.06957
   0.82000 ,    1.07171
   0.82100 ,    1.07386
   0.82200 ,    1.07602
   0.82300 ,    1.07818
   0.82400 ,    1.08034
   0.82500 ,    1.08251
   0.82600 ,    1.08469
   0.82700 ,    1.08687
   0.82800 ,    1.08905
   0.82900 ,    1.09124
   0.83000 ,    1.09343
   0.83100 ,    1.09563
   0.83200 ,    1.09783
   0.83300 ,    1.10004
   0.83400 ,    1.10225
   0.83500 ,    1.10447
   0.83600 ,    1.10669
   0.83700 ,    1.10892
   0.83800 ,    1.11115
   0.83900 ,    1.11339
   0.84000 ,    1.11563
   0.84100 ,    1.11788
   0.84200 ,    1.12013
   0.84300 ,    1.12239
   0.84400 ,    1.12465
   0.84500 ,    1.12692
   0.84600 ,    1.12919
   0.84700 ,    1.13147
   0.84800 ,    1.13375
   0.84900 ,    1.13604
   0.85000 ,    1.13833
   0.85100 ,    1.14063
   0.85200 ,    1.14293
   0.85300 ,    1.14524
   0.85400 ,    1.14756
   0.85500 ,    1.14988
   0.85600 ,    1.15220
   0.85700 ,    1.15453
   0.85800 ,    1.15687
   0.85900 ,    1.15921
   0.86000 ,    1.16156
   0.86100 ,    1.16391
   0.86200 ,    1.16626
   0.86300 ,    1.16863
   0.86400 ,    1.17100
   0.86500 ,    1.17337
   0.86600 ,    1.17575
   0.86700 ,    1.17813
   0.86800 ,    1.18053
   0.86900 ,    1.18292
   0.87000 ,    1.18532
   0.87100 ,    1.18773
   0.87200 ,    1.19015
   0.87300 ,    1.19256
   0.87400 ,    1.19499
   0.87500 ,    1.19742
   0.87600 ,    1.19986
   0.87700 ,    1.20230
   0.87800 ,    1.20475
   0.87900 ,    1.20720
   0.88000 ,    1.20966
   0.88100 ,    1.21213
   0.88200 ,    1.21460
   0.88300 ,    1.21708
   0.88400 ,    1.21956
   0.88500 ,    1.22205
   0.88600 ,    1.22455
   0.88700 ,    1.22705
   0.88800 ,    1.22956
   0.88900 ,    1.23208
   0.89000 ,    1.23460
   0.89100 ,    1.23713
   0.89200 ,    1.23966
   0.89300 ,    1.24220
   0.89400 ,    1.24475
   0.89500 ,    1.24730
   0.89600 ,    1.24986
   0.89700 ,    1.25242
   0.89800 ,    1.25499
   0.89900 ,    1.25757
   0.90000 ,    1.26016
   0.90100 ,    1.26275
   0.90200 ,    1.26535
   0.90300 ,    1.26795
   0.90400 ,    1.27056
   0.90500 ,    1.27318
   0.90600 ,    1.27580
   0.90700 ,    1.27843
   0.90800 ,    1.28107
   0.90900 ,    1.28372
   0.91000 ,    1.28637
   0.91100 ,    1.28903
   0.91200 ,    1.29169
   0.91300 ,    1.29436
   0.91400 ,    1.29704
   0.91500 ,    1.29973
   0.91600 ,    1.30242
   0.91700 ,    1.30512
   0.91800 ,    1.30783
   0.91900 ,    1.31054
   0.92000 ,    1.31326
   0.92100 ,    1.31599
   0.92200 ,    1.31873
   0.92300 ,    1.32147
   0.92400 ,    1.32422
   0.92500 ,    1.32698
   0.92600 ,    1.32974
   0.92700 ,    1.33251
   0.92800 ,    1.33529
   0.92900 ,    1.33808
   0.93000 ,    1.34087
   0.93100 ,    1.34367
   0.93200 ,    1.34648
   0.93300 ,    1.34930
   0.93400 ,    1.35212
   0.93500 ,    1.35496
   0.93600 ,    1.35780
   0.93700 ,    1.36064
   0.93800 ,    1.36350
   0.93900 ,    1.36636
   0.94000 ,    1.36923
   0.94100 ,    1.37211
   0.94200 ,    1.37500
   0.94300 ,    1.37789
   0.94400 ,    1.38080
   0.94500 ,    1.38371
   0.94600 ,    1.38663
   0.94700 ,    1.38955
   0.94800 ,    1.39249
   0.94900 ,    1.39543
   0.95000 ,    1.39838
   0.95100 ,    1.40134
   0.95200 ,    1.40431
   0.95300 ,    1.40729
   0.95400 ,    1.41027
   0.95500 ,    1.41326
   0.95600 ,    1.41626
   0.95700 ,    1.41927
   0.95800 ,    1.42229
   0.95900 ,    1.42532
   0.96000 ,    1.42836
   0.96100 ,    1.43140
   0.96200 ,    1.43445
   0.96300 ,    1.43752
   0.96400 ,    1.44059
   0.96500 ,    1.44367
   0.96600 ,    1.44676
   0.96700 ,    1.44985
   0.96800 ,    1.45296
   0.96900 ,    1.45608
   0.97000 ,    1.45920
   0.97100 ,    1.46233
   0.97200 ,    1.46548
   0.97300 ,    1.46863
   0.97400 ,    1.47179
   0.97500 ,    1.47496
   0.97600 ,    1.47814
   0.97700 ,    1.48133
   0.97800 ,    1.48453
   0.97900 ,    1.48774
   0.98000 ,    1.49096
   0.98100 ,    1.49418
   0.98200 ,    1.49742
   0.98300 ,    1.50067
   0.98400 ,    1.50393
   0.98500 ,    1.50719
   0.98600 ,    1.51047
   0.98700 ,    1.51376
   0.98800 ,    1.51705
   0.98900 ,    1.52036
   0.99000 ,    1.52368
   0.99100 ,    1.52700
   0.99200 ,    1.53034
   0.99300 ,    1.53369
   0.99400 ,    1.53704
   0.99500 ,    1.54041
   0.99600 ,    1.54379
   0.99700 ,    1.54718
   0.99800 ,    1.55058
   0.99900 ,    1.55399
   1.00000 ,    1.55741
   1.00100 ,    1.56084
   1.00200 ,    1.56428
   1.00300 ,    1.56773
   1.00400 ,    1.57119
   1.00500 ,    1.57467
   1.00600 ,    1.57815
   1.00700 ,    1.58165
   1.00800 ,    1.58516
   1.00900 ,    1.58867
   1.01000 ,    1.59220
   1.01100 ,    1.59574
   1.01200 ,    1.59930
   1.01300 ,    1.60286
   1.01400 ,    1.60644
   1.01500 ,    1.61002
   1.01600 ,    1.61362
   1.01700 ,    1.61723
   1.01800 ,    1.62085
   1.01900 ,    1.62448
   1.02000 ,    1.62813
   1.02100 ,    1.63179
   1.02200 ,    1.63545
   1.02300 ,    1.63913
   1.02400 ,    1.64283
   1.02500 ,    1.64653
   1.02600 ,    1.65025
   1.02700 ,    1.65398
   1.02800 ,    1.65772
   1.02900 ,    1.66148
   1.03000 ,    1.66524
   1.03100 ,    1.66902
   1.03200 ,    1.67281
   1.03300 ,    1.67662
   1.03400 ,    1.68044
   1.03500 ,    1.68427
   1.03600 ,    1.68811
   1.03700 ,    1.69196
   1.03800 ,    1.69583
   1.03900 ,    1.69972
   1.04000 ,    1.70361
   1.04100 ,    1.70752
   1.04200 ,    1.71144
   1.04300 ,    1.71538
   1.04400 ,    1.71933
   1.04500 ,    1.72329
   1.04600 ,    1.72727
   1.04700 ,    1.73126
   1.04800 ,    1.73526
   1.04900 ,    1.73928
   1.05000 ,    1.74331
   1.05100 ,    1.74736
   1.05200 ,    1.75142
   1.05300 ,    1.75549
   1.05400 ,    1.75958
   1.05500 ,    1.76369
   1.05600 ,    1.76780
   1.05700 ,    1.77194
   1.05800 ,    1.77608
   1.05900 ,    1.78025
   1.06000 ,    1.78442
   1.06100 ,    1.78861
   1.06200 ,    1.79282
   1.06300 ,    1.79704
   1.06400 ,    1.80128
   1.06500 ,    1.80553
   1.06600 ,    1.80980
   1.06700 ,    1.81408
   1.06800 ,    1.81838
   1.06900 ,    1.82270
   1.07000 ,    1.82703
   1.07100 ,    1.83137
   1.07200 ,    1.83573
   1.07300 ,    1.84011
   1.07400 ,    1.84451
   1.07500 ,    1.84892
   1.07600 ,    1.85334
   1.07700 ,    1.85779
   1.07800 ,    1.86224
   1.07900 ,    1.86672
   1.08000 ,    1.87121
   1.08100 ,    1.87572
   1.08200 ,    1.88025
   1.08300 ,    1.88479
   1.08400 ,    1.88936
   1.08500 ,    1.89393
   1.08600 ,    1.89853
   1.08700 ,    1.90314
   1.08800 ,    1.90777
   1.08900 ,    1.91242
   1.09000 ,    1.91709
   1.09100 ,    1.92177
   1.09200 ,    1.92647
   1.09300 ,    1.93120
   1.09400 ,    1.93593
   1.09500 ,    1.94069
   1.09600 ,    1.94547
   1.09700 ,    1.95026
   1.09800 ,    1.95507
   1.09900 ,    1.95991
   1.10000 ,    1.96476
   1.10100 ,    1.96963
   1.10200 ,    1.97451
   1.10300 ,    1.97942
   1.10400 ,    1.98435
   1.10500 ,    1.98930
   1.10600 ,    1.99427
   1.10700 ,    1.99925
   1.10800 ,    2.00426
   1.10900 ,    2.00929
   1.11000 ,    2.01433
   1.11100 ,    2.01940
   1.11200 ,    2.02449
   1.11300 ,    2.02960
   1.11400 ,    2.03473
   1.11500 ,    2.03988
   1.11600 ,    2.04505
   1.11700 ,    2.05024
   1.11800 ,    2.05546
   1.11900 ,    2.06069
   1.12000 ,    2.06595
   1.12100 ,    2.07123
   1.12200 ,    2.07653
   1.12300 ,    2.08185
   1.12400 ,    2.08720
   1.12500 ,    2.09257
   1.12600 ,    2.09796
   1.12700 ,    2.10337
   1.12800 ,    2.10881
   1.12900 ,    2.11426
   1.13000 ,    2.11975
   1.13100 ,    2.12525
   1.13200 ,    2.13078
   1.13300 ,    2.13633
   1.13400 ,    2.14191
   1.13500 ,    2.14751
   1.13600 ,    2.15313
   1.13700 ,    2.15878
   1.13800 ,    2.16445
   1.13900 ,    2.17015
   1.14000 ,    2.17587
   1.14100 ,    2.18162
   1.14200 ,    2.18739
   1.14300 ,    2.19319
   1.14400 ,    2.19901
   1.14500 ,    2.20486
   1.14600 ,    2.21073
   1.14700 ,    2.21663
   1.14800 ,    2.22256
   1.14900 ,    2.22851
   1.15000 ,    2.23449
   1.15100 ,    2.24050
   1.15200 ,    2.24653
   1.15300 ,    2.25259
   1.15400 ,    2.25868
   1.15500 ,    2.26479
   1.15600 ,    2.27094
   1.15700 ,    2.27711
   1.15800 ,    2.28331
   1.15900 ,    2.28954
   1.16000 ,    2.29579
   1.16100 ,    2.30208
   1.16200 ,    2.30839
   1.16300 ,    2.31474
   1.16400 ,    2.32111
   1.16500 ,    2.32751
   1.16600 ,    2.33394
   1.16700 ,    2.34040
   1.16800 ,    2.34690
   1.16900 ,    2.35342
   1.17000 ,    2.35997
   1.17100 ,    2.36656
   1.17200 ,    2.37318
   1.17300 ,    2.37982
   1.17400 ,    2.38650
   1.17500 ,    2.39321
   1.17600 ,    2.39996
   1.17700 ,    2.40673
   1.17800 ,    2.41354
   1.17900 ,    2.42038
   1.18000 ,    2.42726
   1.18100 ,    2.43417
   1.18200 ,    2.44111
   1.18300 ,    2.44809
   1.18400 ,    2.45510
   1.18500 ,    2.46214
   1.18600 ,    2.46922
   1.18700 ,    2.47633
   1.18800 ,    2.48348
   1.18900 ,    2.49067
   1.19000 ,    2.49789
   1.19100 ,    2.50515
   1.19200 ,    2.51244
   1.19300 ,    2.51977
   1.19400 ,    2.52714
   1.19500 ,    2.53455
   1.19600 ,    2.54199
   1.19700 ,    2.54947
   1.19800 ,    2.55699
   1.19900 ,    2.56455
   1.20000 ,    2.57214
   1.20100 ,    2.57978
   1.20200 ,    2.58745
   1.20300 ,    2.59517
   1.20400 ,    2.60292
   1.20500 ,    2.61072
   1.20600 ,    2.61856
   1.20700 ,    2.62643
   1.20800 ,    2.63435
   1.20900 ,    2.64231
   1.21000 ,    2.65032
   1.21100 ,    2.65836
   1.21200 ,    2.66645
   1.21300 ,    2.67458
   1.21400 ,    2.68276
   1.21500 ,    2.69097
   1.21600 ,    2.69924
   1.21700 ,    2.70755
   1.21800 ,    2.71590
   1.21900 ,    2.72430
   1.22000 ,    2.73274
   1.22100 ,    2.74123
   1.22200 ,    2.74977
   1.22300 ,    2.75836
   1.22400 ,    2.76699
   1.22500 ,    2.77567
   1.22600 ,    2.78440
   1.22700 ,    2.79318
   1.22800 ,    2.80200
   1.22900 ,    2.81088
   1.23000 ,    2.81980
   1.23100 ,    2.82878
   1.23200 ,    2.83781
   1.23300 ,    2.84689
   1.23400 ,    2.85602
   1.23500 ,    2.86520
   1.23600 ,    2.87444
   1.23700 ,    2.88373
   1.23800 ,    2.89307
   1.23900 ,    2.90247
   1.24000 ,    2.91192
   1.24100 ,    2.92142
   1.24200 ,    2.93099
   1.24300 ,    2.94061
   1.24400 ,    2.95028
   1.24500 ,    2.96001
   1.24600 ,    2.96980
   1.24700 ,    2.97965
   1.24800 ,    2.98956
   1.24900 ,    2.99953
   1.25000 ,    3.00956
   1.25100 ,    3.01964
   1.25200 ,    3.02979
   1.25300 ,    3.04000
   1.25400 ,    3.05028
   1.25500 ,    3.06061
   1.25600 ,    3.07101
   1.25700 ,    3.08147
   1.25800 ,    3.09200
   1.25900 ,    3.10259
   1.26000 ,    3.11325
   1.26100 ,    3.12398
   1.26200 ,    3.13477
   1.26300 ,    3.14563
   1.26400 ,    3.15656
   1.26500 ,    3.16756
   1.26600 ,    3.17863
   1.26700 ,    3.18977
   1.26800 ,    3.20098
   1.26900 ,    3.21226
   1.27000 ,    3.22362
   1.27100 ,    3.23504
   1.27200 ,    3.24655
   1.27300 ,    3.25812
   1.27400 ,    3.26978
   1.27500 ,    3.28151
   1.27600 ,    3.29331
   1.27700 ,    3.30520
   1.27800 ,    3.31716
   1.27900 ,    3.32921
   1.28000 ,    3.34133
   1.28100 ,    3.35354
   1.28200 ,    3.36582
   1.28300 ,    3.37819
   1.28400 ,    3.39065
   1.28500 ,    3.40319
   1.28600 ,    3.41581
   1.28700 ,    3.42852
   1.28800 ,    3.44132
   1.28900 ,    3.45421
   1.29000 ,    3.46718
   1.29100 ,    3.48025
   1.29200 ,    3.49341
   1.29300 ,    3.50666
   1.29400 ,    3.52000
   1.29500 ,    3.53344
   1.29600 ,    3.54697
   1.29700 ,    3.56060
   1.29800 ,    3.57433
   1.29900 ,    3.58815
   1.30000 ,    3.60208
   1.30100 ,    3.61610
   1.30200 ,    3.63023
   1.30300 ,    3.64446
   1.30400 ,    3.65879
   1.30500 ,    3.67323
   1.30600 ,    3.68778
   1.30700 ,    3.70243
   1.30800 ,    3.71720
   1.30900 ,    3.73207
   1.31000 ,    3.74705
   1.31100 ,    3.76215
   1.31200 ,    3.77736
   1.31300 ,    3.79269
   1.31400 ,    3.80813
   1.31500 ,    3.82369
   1.31600 ,    3.83937
   1.31700 ,    3.85517
   1.31800 ,    3.87109
   1.31900 ,    3.88714
   1.32000 ,    3.90331
   1.32100 ,    3.91961
   1.32200 ,    3.93604
   1.32300 ,    3.95260
   1.32400 ,    3.96929
   1.32500 ,    3.98611
   1.32600 ,    4.00307
   1.32700 ,    4.02016
   1.32800 ,    4.03739
   1.32900 ,    4.05476
   1.33000 ,    4.07227
   1.33100 ,    4.08993
   1.33200 ,    4.10773
   1.33300 ,    4.12567
   1.33400 ,    4.14377
   1.33500 ,    4.16202
   1.33600 ,    4.18041
   1.33700 ,    4.19897
   1.33800 ,    4.21768
   1.33900 ,    4.23655
   1.34000 ,    4.25557
   1.34100 ,    4.27477
   1.34200 ,    4.29412
   1.34300 ,    4.31364
   1.34400 ,    4.33334
   1.34500 ,    4.35320
   1.34600 ,    4.37324
   1.34700 ,    4.39345
   1.34800 ,    4.41384
   1.34900 ,    4.43442
   1.35000 ,    4.45517
   1.35100 ,    4.47611
   1.35200 ,    4.49724
   1.35300 ,    4.51856
   1.35400 ,    4.54008
   1.35500 ,    4.56179
   1.35600 ,    4.58370
   1.35700 ,    4.60581
   1.35800 ,    4.62812
   1.35900 ,    4.65065
   1.36000 ,    4.67338
   1.36100 ,    4.69633
   1.36200 ,    4.71949
   1.36300 ,    4.74288
   1.36400 ,    4.76648
   1.36500 ,    4.79032
   1.36600 ,    4.81438
   1.36700 ,    4.83867
   1.36800 ,    4.86320
   1.36900 ,    4.88797
   1.37000 ,    4.91299
   1.37100 ,    4.93825
   1.37200 ,    4.96376
   1.37300 ,    4.98953
   1.37400 ,    5.01555
   1.37500 ,    5.04184
   1.37600 ,    5.06839
   1.37700 ,    5.09522
   1.37800 ,    5.12232
   1.37900 ,    5.14969
   1.38000 ,    5.17736
   1.38100 ,    5.20530
   1.38200 ,    5.23355
   1.38300 ,    5.26209
   1.38400 ,    5.29093
   1.38500 ,    5.32007
   1.38600 ,    5.34953
   1.38700 ,    5.37931
   1.38800 ,    5.40941
   1.38900 ,    5.43983
   1.39000 ,    5.47059
   1.39100 ,    5.50169
   1.39200 ,    5.53313
   1.39300 ,    5.56492
   1.39400 ,    5.59707
   1.39500 ,    5.62957
   1.39600 ,    5.66245
   1.39700 ,    5.69570
   1.39800 ,    5.72933
   1.39900 ,    5.76335
   1.40000 ,    5.79777
   1.40100 ,    5.83258
   1.40200 ,    5.86780
   1.40300 ,    5.90344
   1.40400 ,    5.93951
   1.40500 ,    5.97600
   1.40600 ,    6.01293
   1.40700 ,    6.05031
   1.40800 ,    6.08815
   1.40900 ,    6.12644
   1.41000 ,    6.16521
   1.41100 ,    6.20446
   1.41200 ,    6.24420
   1.41300 ,    6.28445
   1.41400 ,    6.32519
   1.41500 ,    6.36646
   1.41600 ,    6.40826
   1.41700 ,    6.45059
   1.41800 ,    6.49348
   1.41900 ,    6.53693
   1.42000 ,    6.58094
   1.42100 ,    6.62554
   1.42200 ,    6.67074
   1.42300 ,    6.71654
   1.42400 ,    6.76297
   1.42500 ,    6.81002
   1.42600 ,    6.85772
   1.42700 ,    6.90608
   1.42800 ,    6.95511
   1.42900 ,    7.00483
   1.43000 ,    7.05524
   1.43100 ,    7.10638
   1.43200 ,    7.15825
   1.43300 ,    7.21086
   1.43400 ,    7.26424
   1.43500 ,    7.31840
   1.43600 ,    7.37336
   1.43700 ,    7.42914
   1.43800 ,    7.48575
   1.43900 ,    7.54321
   1.44000 ,    7.60155
   1.44100 ,    7.66078
   1.44200 ,    7.72093
   1.44300 ,    7.78201
   1.44400 ,    7.84405
   1.44500 ,    7.90707
   1.44600 ,    7.97109
   1.44700 ,    8.03615
   1.44800 ,    8.10225
   1.44900 ,    8.16944
   1.45000 ,    8.23774
   1.45100 ,    8.30717
   1.45200 ,    8.37776
   1.45300 ,    8.44954
   1.45400 ,    8.52255
   1.45500 ,    8.59681
   1.45600 ,    8.67236
   1.45700 ,    8.74923
   1.45800 ,    8.82746
   1.45900 ,    8.90709
   1.46000 ,    8.98814
   1.46100 ,    9.07066
   1.46200 ,    9.15470
   1.46300 ,    9.24028
   1.46400 ,    9.32747
   1.46500 ,    9.41629
   1.46600 ,    9.50680
   1.46700 ,    9.59905
   1.46800 ,    9.69309
   1.46900 ,    9.78897
   1.47000 ,    9.88675
   1.47100 ,    9.98647
   1.47200 ,   10.08821
   1.47300 ,   10.19202
   1.47400 ,   10.29797
   1.47500 ,   10.40612
   1.47600 ,   10.51655
   1.47700 ,   10.62933
   1.47800 ,   10.74452
   1.47900 ,   10.86222
   1.48000 ,   10.98251
   1.48100 ,   11.10546
   1.48200 ,   11.23118
   1.48300 ,   11.35975
   1.48400 ,   11.49127
   1.48500 ,   11.62586
   1.48600 ,   11.76360
   1.48700 ,   11.90463
   1.48800 ,   12.04906
   1.48900 ,   12.19700
   1.49000 ,   12.34860
   1.49100 ,   12.50399
   1.49200 ,   12.66331
   1.49300 ,   12.82672
   1.49400 ,   12.99438
   1.49500 ,   13.16645
   1.49600 ,   13.34311
   1.49700 ,   13.52454
   1.49800 ,   13.71095
   1.49900 ,   13.90254
   1.50000 ,   14.09953
   1.50100 ,   14.30215
   1.50200 ,   14.51066
   1.50300 ,   14.72530
   1.50400 ,   14.94635
   1.50500 ,   15.17411
   1.50600 ,   15.40889
   1.50700 ,   15.65101
   1.50800 ,   15.90083
   1.50900 ,   16.15872
   1.51000 ,   16.42507
   1.51100 ,   16.70032
   1.51200 ,   16.98492
   1.51300 ,   17.27934
   1.51400 ,   17.58412
   1.51500 ,   17.89980
   1.51600 ,   18.22698
   1.51700 ,   18.56630
   1.51800 ,   18.91846
   1.51900 ,   19.28419
   1.52000 ,   19.66429
   1.52100 ,   20.05964
   1.52200 ,   20.47116
   1.52300 ,   20.89987
   1.52400 ,   21.34687
   1.52500 ,   21.81336
   1.52600 ,   22.30065
   1.52700 ,   22.81014
   1.52800 ,   23.34340
   1.52900 ,   23.90213
   1.53000 ,   24.48821
   1.53100 ,   25.10368
   1.53200 ,   25.75082
   1.53300 ,   26.43213
   1.53400 ,   27.15041
   1.53500 ,   27.90873
   1.53600 ,   28.71054
   1.53700 ,   29.55970
   1.53800 ,   30.46053
   1.53900 ,   31.41788
   1.54000 ,   32.43725
   1.54100 ,   33.52487
   1.54200 ,   34.68781
   1.54300 ,   35.93419
   1.54400 ,   37.27331
   1.54500 ,   38.71592
   1.54600 ,   40.27447
   1.54700 ,   41.96353
   1.54800 ,   43.80018
   1.54900 ,   45.80463
   1.55000 ,   48.00095
