   100.00000000000000        1.4999999999999964       -3.1874305597955335       -1.6874305597955370       -2.9909408283401717E-013   1.2523315717771766E-013   6.4670491184415368E-014
   200.00000000000000        1.5000000000000062       -3.2596011208259128       -1.7596011208259066       -7.3008266099350294E-013   5.2513549064769904E-014  -7.5717210279435676E-014
   300.00000000000000        1.5000000000000007       -3.2929068144936728       -1.7929068144936722       -3.0664359940146824E-013   1.4779844015322396E-013   2.1593837828959295E-014
   400.00000000000000        1.4999999999999907       -3.3114038698630104       -1.8114038698630197        1.5831780331154732E-013   5.9723059830929515E-014   1.1701750679549150E-013
   500.00000000000000        1.5000000000000022       -3.2981880329647577       -1.7981880329647555       -1.5543122344752192E-013   9.1732177409653559E-015   1.4754863997268330E-013
   600.00000000000000        1.4999999999999896       -3.2903386834000701       -1.7903386834000805       -1.3100631690576847E-014   1.7985612998927536E-014  -3.4333647036532966E-014
   700.00000000000000        1.5000000000000042       -3.2750526043568247       -1.7750526043568204       -2.3336887977620790E-013   6.5503158452884236E-015  -6.2949645496246376E-014
   800.00000000000000        1.4999999999999956       -3.2839804709396123       -1.7839804709396168       -2.1382895454280515E-013   5.4123372450476381E-014   9.9253938401488995E-014
   900.00000000000000        1.4999999999999989       -3.2648961041450337       -1.7648961041450348       -1.6675549829869851E-013   1.0724754417879012E-013   1.1080025785759062E-013
   1000.0000000000000        1.4999999999999998       -3.2857549850846053       -1.7857549850846055       -1.5515366769136563E-013   1.8457457784393227E-013   1.9650947535865271E-014
   1100.0000000000000        1.4999999999999960       -3.2709087323355011       -1.7709087323355051       -8.9761531540943906E-014   1.4988010832439613E-014   3.9301895071730542E-014
   1200.0000000000000        1.5000000000000142       -3.2593727277053697       -1.7593727277053555        4.8228088189716800E-013  -3.4194869158454821E-014   2.5091040356528538E-014
   1300.0000000000000        1.4999999999999905       -3.2213702120663181       -1.7213702120663277       -1.4233059175694507E-013   1.6808776592824870E-013   1.3172796187177482E-013
   1400.0000000000000        1.4999999999999982       -3.2037437374805391       -1.7037437374805409       -5.8653082390947020E-013   4.0190073491430667E-014  -1.1668443988810395E-013
   1500.0000000000000        1.4999999999999942       -3.2092645730651719       -1.7092645730651777       -3.4194869158454821E-013   3.0642155479654321E-014   3.8191672047105385E-014
   1600.0000000000000        1.5000000000000022       -3.1992355192454940       -1.6992355192454918        4.3942627314663696E-013   5.7898130734201914E-014   5.0459636469213365E-014
   1700.0000000000000        1.5000000000000031       -3.1852017221747175       -1.6852017221747144       -8.7041485130612273E-014   1.0547118733938987E-014   2.7167157412577581E-013
   1800.0000000000000        1.5000000000000033       -3.1752622910932087       -1.6752622910932053       -6.1506355564233672E-014   9.9337205128335881E-014   5.4400928206632670E-014
   1900.0000000000000        1.5000000000000020       -3.1770510511301011       -1.6770510511300991       -1.3811174426336947E-013   1.1701750679549150E-013   2.4868995751603507E-014
   2000.0000000000000        1.4999999999999993       -3.1662445333966271       -1.6662445333966278        1.8396395518038844E-013   1.3700152123874432E-013   2.8643754035329039E-014
   2100.0000000000000        1.5000000000000004       -3.1700137464640474       -1.6700137464640470       -3.3284486278262193E-013   1.5742962489184720E-013  -9.1482377229112899E-014
   2200.0000000000000        1.5000000000000020       -3.1644344458165383       -1.6644344458165363       -1.9295676167985221E-013   7.6438855245442028E-014   8.6153306710912148E-014
   2300.0000000000000        1.5000000000000033       -3.1605325920229133       -1.6605325920229099       -3.3939517862791035E-013  -6.9486083553726985E-014   4.5352610555937645E-014
   2400.0000000000000        1.4999999999999967       -3.1414246455552925       -1.6414246455552959        3.6193270602780103E-013   7.1054273576010019E-014  -3.5527136788005009E-014
   2500.0000000000000        1.5000000000000104       -3.1596200880102905       -1.6596200880102800       -5.8908433686610806E-013   2.4646951146678475E-014   2.8199664825478976E-014
   2600.0000000000000        1.5000000000000033       -3.1466465152464158       -1.6466465152464125       -5.9441340738430881E-013  -7.7660100572529700E-014  -3.0864200084579352E-014
   2700.0000000000000        1.5000000000000002       -3.1397506830428532       -1.6397506830428530       -2.4591439995447217E-013   4.1744385725905886E-014   5.3068660577082483E-014
   2800.0000000000000        1.4999999999999984       -3.1214994364892790       -1.6214994364892805       -7.6649797620120808E-013  -1.0424994201230220E-013   2.1538326677728037E-014
   2900.0000000000000        1.4999999999999951       -3.1121580456797084       -1.6121580456797133       -2.4846791291111003E-013  -1.1279865930191590E-013   1.3569007029090585E-014
   3000.0000000000000        1.4999999999999920       -3.1185820385579781       -1.6185820385579861       -2.2110091535409993E-013  -1.6209256159527285E-014   1.3244960683778118E-013
   3100.0000000000000        1.4999999999999984       -3.0961402264225888       -1.5961402264225903       -1.3522516439934407E-013   3.5749181392930041E-014   7.1539996149283525E-014
   3200.0000000000000        1.4999999999999971       -3.0967975493821291       -1.5967975493821320       -3.3506530883187224E-013  -2.5424107263916085E-014   9.9698027611339057E-014
   3300.0000000000000        1.4999999999999911       -3.1067667995261066       -1.6067667995261155       -3.1274982603690660E-013  -4.7184478546569153E-015   4.7628567756419216E-014
   3400.0000000000000        1.5000000000000033       -3.1083884062743024       -1.6083884062742990       -3.1950830869931224E-013   5.0182080713057076E-014   4.6629367034256575E-015
   3500.0000000000000        1.4999999999999989       -3.1131522572446753       -1.6131522572446764       -6.3971050678901520E-013  -6.0063065632220969E-014   1.4739598430679735E-013
   3600.0000000000000        1.5000000000000049       -3.1071645696204926       -1.6071645696204877       -3.0886404545071855E-013   1.7585932710062480E-013   3.5763059180737855E-014
   3700.0000000000000        1.4999999999999982       -3.1053621645792018       -1.6053621645792036       -3.6670666503368921E-013  -9.8143715376863838E-014   1.5276668818842154E-013
   3800.0000000000000        1.4999999999999942       -3.1106806136170078       -1.6106806136170135       -3.4228175849193576E-013  -2.8921309791485328E-014   1.0569323194431490E-013
   3900.0000000000000        1.4999999999999956       -3.1004005303890541       -1.6004005303890585       -4.5852210917018965E-013  -2.6156854460168688E-013   1.4055423491754482E-013
   4000.0000000000000        1.4999999999999998       -3.1281142584911219       -1.6281142584911221       -5.4933835258452746E-013  -1.0558220964185239E-013   1.4432899320127035E-013
   4100.0000000000000        1.5000000000000000       -3.1236098103535848       -1.6236098103535848       -4.8039350275530524E-013  -1.7519319328584970E-013   2.2221113837872508E-013
   4200.0000000000000        1.5000000000000091       -3.1305805496635433       -1.6305805496635342       -5.1994519800757644E-013  -2.1294077612310502E-013   1.3056222769591841E-013
   4300.0000000000000        1.5000000000000011       -3.1136855111067794       -1.6136855111067783       -5.2235993308613615E-013  -2.4968915823819771E-013   7.4384942649885488E-014
   4400.0000000000000        1.5000000000000020       -3.1160833048160610       -1.6160833048160590       -4.5452530628153909E-013  -3.5221825456233091E-013   1.5876189252139739E-013
   4500.0000000000000        1.4999999999999878       -3.1101455457596465       -1.6101455457596587       -4.1333603206794578E-013  -2.6326163471424024E-013   1.6986412276764895E-014
   4600.0000000000000        1.4999999999999989       -3.0961252548698934       -1.5961252548698945       -4.9582560279759491E-013  -2.9976021664879227E-013   1.4521717162097048E-013
   4700.0000000000000        1.5000000000000087       -3.1011465696684701       -1.6011465696684615       -3.8102854205135372E-013  -1.3389289676979388E-013   1.2503886814840826E-014
   4800.0000000000000        1.4999999999999933       -3.1126003368072248       -1.6126003368072315       -3.8236080968090391E-013  -2.1183055309847987E-013   8.4265927569049381E-014
   4900.0000000000000        1.5000000000000007       -3.1047517199062749       -1.6047517199062742       -4.3365311341858614E-013  -2.9209967777887869E-013   1.2057022047429200E-013
   5000.0000000000000        1.5000000000000042       -3.1185848760350581       -1.6185848760350539       -4.7961634663806763E-013  -2.0605739337042905E-013   1.1146639167236572E-013
   5100.0000000000000        1.4999999999999922       -3.1130382090941264       -1.6130382090941342       -5.9729998724833422E-013  -2.7178259642823832E-013   1.1279865930191590E-013
   5200.0000000000000        1.5000000000000060       -3.1051633430559606       -1.6051633430559547       -4.1677772344428377E-013  -1.3988810110276972E-013   1.1568523916594131E-013
   5300.0000000000000        1.5000000000000038       -3.0855318743716182       -1.5855318743716145       -3.1241675912951905E-013  -1.8141044222375058E-013   6.1173288656846125E-014
   5400.0000000000000        1.4999999999999971       -3.0760844127327083       -1.5760844127327112       -5.2879922662896206E-013  -1.7613688285678109E-013   2.1449508835758024E-013
   5500.0000000000000        1.4999999999999989       -3.0723963251172295       -1.5723963251172306       -2.3039903318533561E-013  -1.6064927166326015E-013  -3.4069969068184491E-014
   5600.0000000000000        1.4999999999999911       -3.0787827421108176       -1.5787827421108265       -3.1957769763835131E-013  -3.5216274341109965E-013   1.8583745653444339E-013
   5700.0000000000000        1.4999999999999982       -3.0809348618531063       -1.5809348618531081       -3.1896707497480747E-013  -2.4164004130966532E-013   1.0161316232881745E-013
   5800.0000000000000        1.5000000000000029       -3.0859482487279633       -1.5859482487279604       -3.2696068075210860E-013  -1.9489965197294623E-013   2.0539125955565396E-014
   5900.0000000000000        1.5000000000000053       -3.1072791423361639       -1.6072791423361585       -2.5351942767315450E-013  -2.3847590568948362E-013   2.1982415887578100E-014
   6000.0000000000000        1.5000000000000033       -3.0934851065151681       -1.5934851065151647       -3.2684965844964609E-013  -2.0261570199409107E-013   9.3314245219744407E-014
   6100.0000000000000        1.4999999999999927       -3.0849983641071321       -1.5849983641071395       -2.4025226252888388E-013  -2.0741741657559487E-013   2.4959201372354300E-014
   6200.0000000000000        1.5000000000000000       -3.0719286877908467       -1.5719286877908467       -2.6345592374354965E-013  -1.0796918914479647E-013  -2.5784929746919261E-014
   6300.0000000000000        1.4999999999999898       -3.0943319461333010       -1.5943319461333112       -1.7341683644644945E-013  -1.8340884366807586E-013   9.9031893796563963E-014
   6400.0000000000000        1.5000000000000013       -3.0830620203534922       -1.5830620203534909       -2.8288482667448989E-013  -2.0200507933054723E-013   7.2067352085980474E-014
   6500.0000000000000        1.4999999999999978       -3.0964309752342518       -1.5964309752342540       -3.0710460216520907E-013  -1.5343282200319663E-013   4.9293902293356950E-014
   6600.0000000000000        1.4999999999999960       -3.1020717750525972       -1.6020717750526012       -4.0212277951923170E-013  -1.4221956945448255E-013  -9.3258734068513149E-015
   6700.0000000000000        1.5000000000000053       -3.0994064322987205       -1.5994064322987152       -4.4341093297095568E-013  -4.6185277824406512E-014   1.3389289676979388E-013
   6800.0000000000000        1.4999999999999964       -3.1015015950618006       -1.6015015950618041       -3.5077496463031821E-013  -1.8937455770196010E-013   1.3455903058456897E-013
   6900.0000000000000        1.4999999999999858       -3.1079866780492731       -1.6079866780492873       -4.6347734677931740E-013  -2.1596613386520858E-013   9.3258734068513149E-015
   7000.0000000000000        1.4999999999999940       -3.0991043118991679       -1.5991043118991739       -4.6737613779157527E-013  -1.8574031201978869E-013   1.2417844530432376E-013
   7100.0000000000000        1.4999999999999856       -3.0885003048529587       -1.5885003048529731       -5.4978244179437752E-013  -2.0050627824730327E-013   2.2165602686641250E-013
   7200.0000000000000        1.5000000000000160       -3.1038419505763204       -1.6038419505763044       -4.2832404290038539E-013  -1.6478485242998886E-013   8.0824236192711396E-014
   7300.0000000000000        1.4999999999999984       -3.1001535899158053       -1.6001535899158068       -4.8161474808239291E-013  -1.7208456881689926E-013   7.8603790143461083E-014
   7400.0000000000000        1.5000000000000078       -3.1040677981406972       -1.6040677981406894       -5.0243142979411459E-013  -2.2859492077031973E-013   1.0547118733938987E-013
   7500.0000000000000        1.4999999999999987       -3.1141122837840132       -1.6141122837840145       -4.6496140271301556E-013  -1.8213208718975693E-013   5.7953641885433171E-014
   7600.0000000000000        1.5000000000000167       -3.1210275288080260       -1.6210275288080094       -3.1896707497480747E-013  -2.2931656573632608E-013  -1.1768364061026659E-014
   7700.0000000000000        1.5000000000000051       -3.1179395608214828       -1.6179395608214777       -4.7734038943758605E-013  -2.1435631047950210E-013  -1.8793994138732728E-014
   7800.0000000000000        1.4999999999999942       -3.1291649032876183       -1.6291649032876241       -3.9412917374193057E-013  -7.7715611723760958E-015   4.9293902293356950E-014
   7900.0000000000000        1.4999999999999931       -3.1226000688957414       -1.6226000688957483       -3.6193270602780103E-013  -1.4310774787418268E-013  -1.0991207943789050E-014
   8000.0000000000000        1.4999999999999989       -3.1063044214872577       -1.6063044214872588       -3.2129854332652030E-013  -1.4213630272763567E-013   7.5939254884360707E-014
   8100.0000000000000        1.5000000000000004       -3.1199022300603150       -1.6199022300603145       -3.7869707369964090E-013  -1.4033219031261979E-013   5.7398530373120593E-014
   8200.0000000000000        1.5000000000000067       -3.1141486085973988       -1.6141486085973922       -3.9518388561532447E-013   6.0840221749458578E-014   3.2640556923979602E-014
   8300.0000000000000        1.5000000000000040       -3.1447453534124055       -1.6447453534124015       -3.9679370900103095E-013  -2.2440382885235977E-014   4.6296300126869028E-014
   8400.0000000000000        1.4999999999999951       -3.1173869582571525       -1.6173869582571574       -3.9013237085328001E-013  -2.4102941864612148E-013  -2.5535129566378600E-014
   8500.0000000000000        1.5000000000000022       -3.1228400485775123       -1.6228400485775101       -3.0841995624086849E-013  -1.6719958750854857E-013  -6.3615779311021470E-014
   8600.0000000000000        1.5000000000000011       -3.1243214498035083       -1.6243214498035072       -2.8671509610944668E-013  -1.4466206010865790E-013   2.6201263381153694E-014
   8700.0000000000000        1.4999999999999993       -3.1103659431301751       -1.6103659431301758       -2.8224644843533042E-013  -2.2404300636935659E-013   1.5355078319956306E-013
   8800.0000000000000        1.5000000000000040       -3.1254905653226235       -1.6254905653226195       -3.5371705564557487E-013  -2.8333585477824386E-013  -8.2156503822261584E-015
   8900.0000000000000        1.5000000000000013       -3.1095197278742805       -1.6095197278742792       -3.6748382115092681E-013  -2.0400348077487251E-013  -1.6653345369377348E-015
   9000.0000000000000        1.5000000000000091       -3.1217464500064858       -1.6217464500064767       -1.9223511671384585E-013  -2.8199664825478976E-013  -7.8419909455007542E-014
   9100.0000000000000        1.5000000000000022       -3.1146211063230735       -1.6146211063230713       -1.3655743202889425E-013  -2.1405099914773018E-013  -2.4358293160275934E-013
   9200.0000000000000        1.5000000000000013       -3.1057894504487433       -1.6057894504487420       -3.7880809600210341E-013  -3.2163161023390785E-013   7.7715611723760958E-016
   9300.0000000000000        1.5000000000000002       -3.1114409577771314       -1.6114409577771311       -3.8862663087613214E-013  -2.3528401449368630E-013  -1.0214051826551440E-014
   9400.0000000000000        1.5000000000000022       -3.1232497042817955       -1.6232497042817933       -3.3950620093037287E-013  -2.2259971643734389E-013   4.0134562340199409E-014
   9500.0000000000000        1.5000000000000093       -3.1190613060271817       -1.6190613060271724       -3.5083047578154947E-013  -2.0883295093199195E-013  -9.6256336235001072E-014
   9600.0000000000000        1.5000000000000122       -3.1152829163910201       -1.6152829163910079       -4.1933123640092163E-013  -2.5107693701897915E-013  -1.5321077739827160E-014
   9700.0000000000000        1.4999999999999907       -3.1160840308960456       -1.6160840308960549       -4.5363712786183896E-013  -2.3248070135650778E-013  -5.4678483962788960E-014
   9800.0000000000000        1.4999999999999856       -3.1081120835817302       -1.6081120835817446       -4.5097259260273859E-013  -1.9872992140790302E-013  -1.1501910535116622E-013
   9900.0000000000000        1.5000000000000002       -3.1071538901946849       -1.6071538901946847       -2.5024426975051028E-013  -1.2378986724570495E-013  -1.2179146580137967E-013
   10000.000000000000        1.4999999999999964       -3.1227915298927704       -1.6227915298927740       -3.8768988019910466E-013  -7.3496764230185363E-014  -3.4000580129145419E-014
   10100.000000000000        1.5000000000000053       -3.1165035320821719       -1.6165035320821666       -3.6781688805831436E-013  -2.6295632338246833E-013  -1.3233858453531866E-013
   10200.000000000000        1.5000000000000058       -3.1107310472650509       -1.6107310472650451       -4.6851411639181606E-013  -2.6323387913862462E-013  -4.2410519540680980E-014
   10300.000000000000        1.5000000000000007       -3.1106037734448950       -1.6106037734448944       -4.7428727611986687E-013  -1.8740564655672642E-013   4.2826853174915414E-014
   10400.000000000000        1.5000000000000016       -3.0958660509716496       -1.5958660509716480       -3.7203573555188996E-013  -8.6375351315837179E-014   1.1657341758564144E-013
   10500.000000000000        1.5000000000000000       -3.0997124191464014       -1.5997124191464014       -3.4550140526334872E-013  -3.6104452760810091E-013  -1.3378187446733136E-013
   10600.000000000000        1.5000000000000104       -3.1020450776230675       -1.6020450776230570       -3.3395508580724709E-013  -1.7946755193065655E-013  -2.3536728122053319E-014
   10700.000000000000        1.4999999999999980       -3.1132011252181275       -1.6132011252181295       -3.3190117321169055E-013  -2.3038515539752780E-013  -3.3750779948604759E-014
   10800.000000000000        1.5000000000000075       -3.1327459874040748       -1.6327459874040673       -1.8829382497642655E-013  -1.3544720900426910E-013  -1.1657341758564144E-013
   10900.000000000000        1.5000000000000060       -3.1180093523512329       -1.6180093523512269       -2.5762725286426758E-013  -9.5065448568742994E-014   1.3877787807814457E-013
   11000.000000000000        1.4999999999999951       -3.1129439808844133       -1.6129439808844181       -3.7042591216618348E-013  -1.6087131626818518E-013  -1.2989609388114332E-013
   11100.000000000000        1.5000000000000087       -3.0915415106145407       -1.5915415106145321       -2.4047430713380891E-013  -4.7739590058881731E-014  -2.7089441800853820E-014
   11200.000000000000        1.4999999999999962       -3.0958662251545275       -1.5958662251545312       -2.5901503164504902E-013   1.4876988529977098E-014  -7.7715611723760958E-015
   11300.000000000000        1.4999999999999958       -3.0982529422957281       -1.5982529422957323       -3.1552538359846949E-013  -8.7249651947729490E-014  -1.8651746813702630E-014
   11400.000000000000        1.4999999999999998       -3.1004846076804133       -1.6004846076804136       -3.2551739082009590E-013  -2.1405099914773018E-013  -1.0180745135812685E-013
   11500.000000000000        1.5000000000000049       -3.1112300305617473       -1.6112300305617424       -3.0309088572266774E-013  -1.3877787807814457E-013   1.0252909632413321E-013
   11600.000000000000        1.5000000000000135       -3.1094992050971491       -1.6094992050971355       -2.3958612871410878E-013   5.9841021027295938E-014  -1.9140244944537699E-013
   11700.000000000000        1.5000000000000038       -3.1153026999698068       -1.6153026999698030       -1.9917401061775308E-013  -1.3189449532546860E-013  -2.0872192862952943E-013
   11800.000000000000        1.5000000000000022       -3.1262213597557360       -1.6262213597557338       -3.9718228705964975E-013  -8.8373752760162461E-014  -2.0394796962364126E-013
   11900.000000000000        1.4999999999999958       -3.1230886024083966       -1.6230886024084008       -2.9531932455029164E-013  -1.1612932837579137E-013  -3.4394709302887350E-013
   12000.000000000000        1.5000000000000067       -3.1009674550802599       -1.6009674550802533       -4.0190073491430667E-013  -2.2652713038695538E-013  -1.7053025658242404E-013
   12100.000000000000        1.5000000000000036       -3.0979951630515905       -1.5979951630515870       -3.9146463848283020E-013  -1.2387313397255184E-013  -1.9897972158844368E-013
   12200.000000000000        1.5000000000000071       -3.1038078244226042       -1.6038078244225971       -3.1619151741324458E-013  -1.2501111257279263E-013  -1.6386891843467311E-013
   12300.000000000000        1.5000000000000135       -3.1120452231476796       -1.6120452231476661       -1.8784973576657649E-013  -2.3314683517128287E-015  -1.7227885784620867E-013
   12400.000000000000        1.5000000000000067       -3.1280410706663635       -1.6280410706663568       -2.7888802378583932E-013   6.1617377866696188E-014  -1.8796075806903900E-013
   12500.000000000000        1.5000000000000016       -3.1163975084198881       -1.6163975084198865       -4.0167869030938164E-013  -2.9487523534044158E-013  -2.5529578451255475E-013
   12600.000000000000        1.4999999999999885       -3.1013982172865382       -1.6013982172865497       -4.1122660832115798E-013  -5.0182080713057076E-014  -2.4191759706582161E-013
   12700.000000000000        1.5000000000000051       -3.1126568463895445       -1.6126568463895394       -3.6903813338540203E-013   9.7699626167013776E-015  -3.2679414729841483E-013
   12800.000000000000        1.5000000000000040       -3.1191352239404018       -1.6191352239403978       -4.1322500976548326E-013  -5.9952043329758453E-015  -2.0894397323445446E-013
   12900.000000000000        1.4999999999999971       -3.1100507736905367       -1.6100507736905396       -4.1311398746302075E-013  -8.4376949871511897E-015  -1.6464607455191071E-013
   13000.000000000000        1.5000000000000018       -3.1069117056687663       -1.6069117056687645       -4.7084558474352889E-013  -2.7533531010703882E-014  -3.2296387786345804E-013
   13100.000000000000        1.4999999999999931       -3.1055961201938782       -1.6055961201938851       -4.3161307861083742E-013   5.3179682879544998E-014  -9.7588603864551260E-014
   13200.000000000000        1.4999999999999996       -3.0928915610937282       -1.5928915610937286       -5.1936233091964823E-013  -3.0725422206501207E-014  -1.5698553568199713E-013
   13300.000000000000        1.4999999999999971       -3.1077432298973240       -1.6077432298973269       -5.6243898427510430E-013  -2.9365399001335390E-014  -1.8207657603852567E-013
   13400.000000000000        1.4999999999999958       -3.0940313412790976       -1.5940313412791018       -6.9763639309883274E-013  -8.9039886574937555E-014  -6.1506355564233672E-014
   13500.000000000000        1.4999999999999911       -3.1081789212601394       -1.6081789212601483       -6.5470545651535872E-013  -2.9976021664879227E-014  -1.9628743075372768E-013
   13600.000000000000        1.4999999999999911       -3.1132158182848793       -1.6132158182848881       -6.3149485640678904E-013  -5.1328732930677745E-014  -7.5273121069585613E-014
   13700.000000000000        1.5000000000000020       -3.1080128964761187       -1.6080128964761167       -5.1147974744480962E-013  -8.2489570729649131E-014  -1.3333778525748130E-013
   13800.000000000000        1.5000000000000067       -3.1077569578907100       -1.6077569578907034       -5.5005999755053381E-013  -1.3022916078853086E-013  -7.8714812445923599E-014
   13900.000000000000        1.4999999999999993       -3.1176652897365238       -1.6176652897365245       -6.2821969848414483E-013  -7.4273920347422973E-014  -1.5021317523178368E-013
   14000.000000000000        1.4999999999999967       -3.0815471924442375       -1.5815471924442408       -5.3301807412253766E-013  -3.7858605139717838E-014  -5.7870375158586285E-014
   14100.000000000000        1.4999999999999993       -3.0891887098867779       -1.5891887098867785       -5.2813309281418697E-013   6.8917094253606592E-014  -1.3294920719886250E-014
   14200.000000000000        1.4999999999999944       -3.1030039398620213       -1.6030039398620268       -5.5699889145444104E-013  -1.7097434579227411E-013  -1.4205303600078878E-013
   14300.000000000000        1.5000000000000051       -3.1022197834244691       -1.6022197834244640       -6.3571370390036464E-013   9.2481577951275540E-014  -1.5426548927166550E-013
   14400.000000000000        1.5000000000000018       -3.0878584019121043       -1.5878584019121025       -6.1017857433398603E-013   1.9984014443252818E-014  -1.6031620475587260E-013
   14500.000000000000        1.4999999999999984       -3.0863915612184938       -1.5863915612184953       -5.5422333389287814E-013  -3.6609604237014537E-014  -1.5783208073827382E-013
   14600.000000000000        1.4999999999999956       -3.1033342100158263       -1.6033342100158308       -6.6024963274458059E-013  -1.7541523789077473E-014  -1.6109336087311021E-013
   14700.000000000000        1.5000000000000111       -3.0913766903079432       -1.5913766903079321       -6.4204197514072803E-013  -1.1685097334179773E-013  -1.3622436512150671E-013
   14800.000000000000        1.5000000000000093       -3.0775570809781119       -1.5775570809781025       -7.1376238253151314E-013  -1.0880185641326534E-013  -2.8019600528672584E-013
   14900.000000000000        1.4999999999999987       -3.0909049687105909       -1.5909049687105923       -7.9336537339713686E-013   4.3298697960381105E-014  -2.4935609133081016E-013
   15000.000000000000        1.4999999999999993       -3.0903200181115902       -1.5903200181115908       -6.4226401974565306E-013   5.4289905904170155E-014  -2.6545432518787493E-013
   15100.000000000000        1.5000000000000078       -3.0905775989134510       -1.5905775989134432       -6.7557071048440775E-013   9.5701224722688494E-014  -3.5305092183079978E-013
   15200.000000000000        1.5000000000000024       -3.0988326682112537       -1.5988326682112513       -6.6968652845389443E-013   4.4519943287468777E-014  -3.4083846855992306E-013
   15300.000000000000        1.4999999999999927       -3.0846666903910176       -1.5846666903910249       -5.0721926658781058E-013   1.0086376178719547E-013  -1.5221157667610896E-013
   15400.000000000000        1.4999999999999871       -3.1036022543208985       -1.6036022543209114       -7.0665695517391214E-013   1.0177969578251123E-013  -2.0250467969162855E-013
   15500.000000000000        1.4999999999999916       -3.0962608204699054       -1.5962608204699138       -5.9241500593998353E-013   6.9055872131684737E-014  -1.7941204077942530E-013
   15600.000000000000        1.4999999999999896       -3.1125219648772702       -1.6125219648772806       -5.9369176241830246E-013   1.1690648449302898E-013  -1.7963408538435033E-013
   15700.000000000000        1.5000000000000020       -3.0999554180179625       -1.5999554180179605       -7.3641093223386633E-013   1.6309176231743550E-013  -1.7208456881689926E-014
   15800.000000000000        1.4999999999999916       -3.1185331109996746       -1.6185331109996830       -6.4653837839045991E-013   1.8507417820501360E-013  -7.1720407390785113E-014
   15900.000000000000        1.5000000000000051       -3.1034879529644286       -1.6034879529644235       -6.3504757008558954E-013   2.6742497105658458E-013  -1.8454682226831665E-013
   16000.000000000000        1.5000000000000029       -3.0623297671977707       -1.5623297671977678       -7.5672801358450670E-013   1.9612089730003390E-013  -1.7530421558831222E-013
   16100.000000000000        1.4999999999999916       -3.0815578382185045       -1.5815578382185129       -7.6738615462090820E-013   1.7652546091539989E-013  -1.1332601523861285E-013
   16200.000000000000        1.4999999999999925       -3.0817142791358982       -1.5817142791359058       -8.2778228716051672E-013   1.6651350437379975E-013  -1.3511414209688155E-013
   16300.000000000000        1.5000000000000007       -3.0916245662745028       -1.5916245662745021       -6.5036864782541670E-013   2.9792834865816076E-013  -6.4614980033184111E-014
   16400.000000000000        1.4999999999999987       -3.1106107865720274       -1.6106107865720287       -6.9078076592177240E-013   2.3736568266485847E-013  -1.1712852909795402E-013
   16500.000000000000        1.4999999999999913       -3.1213655991121194       -1.6213655991121281       -7.4851236320228054E-013   1.8181289807017720E-013  -1.9151347174783950E-014
   16600.000000000000        1.4999999999999964       -3.1191388406022083       -1.6191388406022118       -7.4346084844023608E-013   1.9484414082171497E-013  -7.6494366396673286E-014
   16700.000000000000        1.4999999999999989       -3.1153068777645654       -1.6153068777645665       -6.5569771834361745E-013   1.1124434706744069E-013  -8.9650509238481391E-014
   16800.000000000000        1.5000000000000087       -3.1133460282021774       -1.6133460282021688       -5.3479443096193791E-013   1.8274270985330077E-013  -5.5580540170296899E-014
   16900.000000000000        1.5000000000000080       -3.0913911577650173       -1.5913911577650093       -6.2665150846186179E-013   1.9317880628477724E-013  -4.3520742565306136E-014
   17000.000000000000        1.4999999999999998       -3.1147908568307274       -1.6147908568307277       -6.0729199446996063E-013   1.6696366511581573E-013  -2.1760371282653068E-014
   17100.000000000000        1.4999999999999913       -3.1092689047590962       -1.6092689047591049       -6.4759309026385381E-013   2.1624368962136487E-013   8.6486373618299694E-014
   17200.000000000000        1.4999999999999998       -3.1380999583988527       -1.6380999583988529       -4.3998138465894954E-013   1.6830981053317373E-013  -8.1823436914874037E-014
   17300.000000000000        1.4999999999999993       -3.1266529499761933       -1.6266529499761939       -5.7215343574057442E-013   2.4158453015843406E-013   2.3092638912203256E-014
   17400.000000000000        1.5000000000000022       -3.1214321101644034       -1.6214321101644011       -7.3585582072155375E-013   2.7178259642823832E-013  -2.4277801990990611E-013
   17500.000000000000        1.5000000000000040       -3.1192732821979861       -1.6192732821979821       -6.9740047070609990E-013   2.8455016121142762E-013  -1.7674750552032492E-013
   17600.000000000000        1.4999999999999960       -3.1239933488772236       -1.6239933488772276       -6.2333471717579414E-013   3.9351855107838674E-013  -8.6153306710912148E-014
   17700.000000000000        1.5000000000000022       -3.1125139149819381       -1.6125139149819359       -5.9086069370550831E-013   4.7256643043169788E-013  -7.5543737931837995E-014
   17800.000000000000        1.4999999999999907       -3.1133015369286170       -1.6133015369286263       -6.6802119391695669E-013   3.6631808697507040E-013  -1.1757261830780408E-013
   17900.000000000000        1.4999999999999967       -3.1125857272744475       -1.6125857272744508       -6.2461147365411307E-013   4.9749093733453265E-013  -5.1070259132757201E-014
   18000.000000000000        1.4999999999999944       -3.0930508127853948       -1.5930508127854004       -7.3416273060900039E-013   4.5763393075048953E-013  -7.8825834748386114E-014
   18100.000000000000        1.5000000000000113       -3.1035866096084943       -1.6035866096084830       -4.4753090122640060E-013   4.3476333644321130E-013   2.3514523661560816E-013
   18200.000000000000        1.4999999999999976       -3.0851448374637473       -1.5851448374637498       -7.3141492862305313E-013   3.2929214910382143E-013  -3.9301895071730542E-014
   18300.000000000000        1.4999999999999962       -3.0983758647975490       -1.5983758647975528       -5.5161430978500903E-013   3.6814995496570191E-013  -6.7362782019131373E-014
   18400.000000000000        1.5000000000000067       -3.0794161970631380       -1.5794161970631313       -6.0818017288966075E-013   4.8450132794641831E-013  -2.0269896872093796E-013
   18500.000000000000        1.4999999999999920       -3.0937937801598867       -1.5937937801598947       -6.3660188232006476E-013   2.2581936320875684E-013  -1.3167245072054357E-013
   18600.000000000000        1.5000000000000024       -3.0919300901417914       -1.5919300901417890       -6.3749006073976489E-013   4.5018155869769316E-013   3.8635761256955448E-014
   18700.000000000000        1.4999999999999905       -3.0896313250896936       -1.5896313250897032       -4.5208281562736374E-013   6.1728400169158704E-013  -6.5170091545496689E-014
   18800.000000000000        1.4999999999999944       -3.0854526775681594       -1.5854526775681650       -6.5686345251947387E-013   4.2543746303635999E-013  -4.1522341120980855E-014
   18900.000000000000        1.4999999999999969       -3.1050918779491399       -1.6050918779491430       -5.7698290589769385E-013   5.0492943159952119E-013  -1.2756462552943049E-013
   19000.000000000000        1.5000000000000011       -3.0976569384353958       -1.5976569384353947       -6.9197425567324444E-013   4.6629367034256575E-013  -6.3560268159790212E-014
   19100.000000000000        1.5000000000000004       -3.0909749093295078       -1.5909749093295074       -6.0007554480989711E-013   4.1455727739503345E-013  -1.0995371280131394E-013
   19200.000000000000        1.4999999999999913       -3.0988986256986308       -1.5988986256986395       -6.6285865685244971E-013   5.3956838996782608E-013  -1.3711254354120683E-014
   19300.000000000000        1.5000000000000098       -3.1080975705916241       -1.6080975705916143       -7.0210504077294900E-013   4.5552450700370173E-013  -1.9761969838327786E-014
   19400.000000000000        1.5000000000000007       -3.1089280085025490       -1.6089280085025484       -6.3415939166588942E-013   4.9021203762933396E-013  -1.3100631690576847E-014
   19500.000000000000        1.4999999999999984       -3.1171995896146245       -1.6171995896146261       -6.8009486930975527E-013   4.4964032497318840E-013  -6.1894933622852477E-014
   19600.000000000000        1.5000000000000013       -3.1291728843847046       -1.6291728843847033       -7.6921802261153971E-013   4.4775294583132563E-013  -9.5368157815300947E-014
   19700.000000000000        1.4999999999999989       -3.1251020556958853       -1.6251020556958864       -6.6147087807166827E-013   5.5457374803502546E-013  -6.8944849829222221E-014
   19800.000000000000        1.4999999999999993       -3.1237028857812237       -1.6237028857812243       -6.2727600891321345E-013   4.3332004651119860E-013  -2.3064883336587627E-013
   19900.000000000000        1.5000000000000013       -3.1258386855995477       -1.6258386855995464       -6.5007721428145260E-013   4.1827652452752773E-013  -1.2968272289359817E-013
   20000.000000000000        1.4999999999999978       -3.1270950681605014       -1.6270950681605036       -5.7220894689180568E-013   4.4764192352886312E-013  -3.2862601528904634E-014
   20100.000000000000        1.4999999999999898       -3.1387210950126994       -1.6387210950127096       -6.8822725296513454E-013   4.7495340993464197E-013  -5.5289106626332796E-014
   20200.000000000000        1.5000000000000049       -3.1383695093558006       -1.6383695093557957       -5.9685589803848416E-013   5.1040421888970400E-013  -1.0963452368173421E-013
   20300.000000000000        1.5000000000000004       -3.1324425168153640       -1.6324425168153636       -7.1209704799457541E-013   5.0665027728769019E-013  -5.2291504459844873E-014
   20400.000000000000        1.5000000000000011       -3.1240595826626967       -1.6240595826626956       -7.2430950126545213E-013   4.2987835513486061E-013  -1.0791367799356522E-013
   20500.000000000000        1.4999999999999931       -3.1228637972332298       -1.6228637972332367       -6.7140737414206342E-013   5.0492943159952119E-013  -1.6431300764452317E-014
   20600.000000000000        1.4999999999999998       -3.0923784108337422       -1.5923784108337424       -7.4703437880074830E-013   3.5971225997855072E-013  -8.1490370007486490E-014
   20700.000000000000        1.4999999999999960       -3.0868034102503565       -1.5868034102503605       -8.3347218016172064E-013   3.8896663667742359E-013  -6.6169292267659330E-014
   20800.000000000000        1.4999999999999982       -3.0901430904867384       -1.5901430904867402       -6.0085270092713472E-013   4.3487435874567382E-013  -6.6613381477509392E-016
   20900.000000000000        1.5000000000000127       -3.0971162667451630       -1.5971162667451504       -7.2541972429007728E-013   4.9782400424192019E-013   3.0642155479654321E-014
   21000.000000000000        1.4999999999999978       -3.0964944300446882       -1.5964944300446904       -7.9891648852026265E-013   5.0626169922907138E-013   6.9944050551384862E-014
   21100.000000000000        1.4999999999999902       -3.0982468978502555       -1.5982468978502653       -7.4951156392444318E-013   4.7606363295926712E-013   8.6153306710912148E-014
   21200.000000000000        1.5000000000000102       -3.0952824328056336       -1.5952824328056234       -7.8870243669371121E-013   3.5993430458347575E-013   9.2814644858663087E-014
   21300.000000000000        1.5000000000000031       -3.0901151869000159       -1.5901151869000127       -6.5525362913376739E-013   3.6748382115092681E-013   8.1490370007486490E-014
   21400.000000000000        1.4999999999999949       -3.1082776130094838       -1.6082776130094889       -6.7390537594747002E-013   3.4844349627860538E-013   1.6764367671839864E-014
   21500.000000000000        1.5000000000000020       -3.0976651799121466       -1.5976651799121446       -7.8070883091641008E-013   5.1086912478126578E-013   5.4067861299245124E-014
   21600.000000000000        1.5000000000000069       -3.0985670103498970       -1.5985670103498901       -7.6860739994799587E-013   4.8394621643410574E-013   2.5257573810222311E-014
   21700.000000000000        1.5000000000000016       -3.1133558041484841       -1.6133558041484826       -7.0365935300742422E-013   3.9312997301976793E-013   4.2743586448068527E-014
   21800.000000000000        1.4999999999999993       -3.1141966842535500       -1.6141966842535507       -5.8773125255484615E-013   3.6920466683909581E-013   1.8296475445822580E-013
   21900.000000000000        1.5000000000000013       -3.1183935194184746       -1.6183935194184733       -7.0454753142712434E-013   3.1866176364303556E-013  -5.1514348342607263E-014
   22000.000000000000        1.5000000000000000       -3.1274337709251490       -1.6274337709251490       -6.8706151878927813E-013   4.0323300254385686E-013   2.1260770921571748E-014
   22100.000000000000        1.4999999999999971       -3.1161541700004136       -1.6161541700004165       -7.8942408165971756E-013   3.8058445284150366E-013   4.3964831775156199E-014
   22200.000000000000        1.4999999999999960       -3.1094233292346427       -1.6094233292346467       -8.3111295623439219E-013   3.8774539135033592E-013  -3.2240876635114546E-013
   22300.000000000000        1.5000000000000000       -3.1132715130664765       -1.6132715130664765       -7.7769735096211434E-013   4.0123460109953157E-013   6.7279515292284486E-014
   22400.000000000000        1.5000000000000029       -3.1067780597171391       -1.6067780597171362       -7.7982065249670995E-013   4.5302650519829513E-013   1.4099832412739488E-013
   22500.000000000000        1.4999999999999964       -3.0812919875554825       -1.5812919875554861       -7.5628392437465664E-013   5.2030602049057961E-013   2.7311486405778851E-014
   22600.000000000000        1.4999999999999893       -3.1045089037645783       -1.6045089037645890       -7.9158901655773661E-013   3.9501735216163070E-013   2.9087843245179101E-014
   22700.000000000000        1.4999999999999949       -3.1082057596251444       -1.6082057596251496       -8.0002671154488780E-013   4.1922021409845911E-013   8.2933659939499194E-014
   22800.000000000000        1.5000000000000040       -3.1208194088588534       -1.6208194088588495       -7.9447559642176202E-013   4.2876813211023546E-013  -7.7049477908985864E-014
   22900.000000000000        1.5000000000000004       -3.1155018284225888       -1.6155018284225884       -6.9499961341534799E-013   2.8888003100746573E-013  -8.0602191587786365E-014
   23000.000000000000        1.5000000000000022       -3.1368803222317370       -1.6368803222317347       -9.4657615079540847E-013   4.1100456371623295E-013  -6.3726801613483985E-014
   23100.000000000000        1.5000000000000058       -3.1144582020688363       -1.6144582020688305       -9.0338847513748988E-013   2.8643754035329039E-013  -9.8782093616023303E-014
   23200.000000000000        1.4999999999999929       -3.1123090084849947       -1.6123090084850018       -8.5054185916533243E-013   4.8319681589248376E-013   1.7930101847696278E-014
   23300.000000000000        1.5000000000000069       -3.1140748120499602       -1.6140748120499533       -7.4842909647543365E-013   5.6006588255996803E-013   9.8143715376863838E-014
   23400.000000000000        1.4999999999999920       -3.1310091994612672       -1.6310091994612752       -8.2645001953096653E-013   4.7617465526172964E-013   1.1546319456101628E-013
   23500.000000000000        1.4999999999999978       -3.1263925434420936       -1.6263925434420958       -9.0150109599562711E-013   4.7661874447157970E-013  -3.8191672047105385E-014
   23600.000000000000        1.4999999999999980       -3.1198326644044130       -1.6198326644044150       -9.0416563125472749E-013   5.7487348215090606E-013  -1.8207657603852567E-014
   23700.000000000000        1.5000000000000078       -3.1184016205955949       -1.6184016205955871       -8.5442763975152047E-013   6.3311855758030333E-013  -3.3417713041217212E-014
   23800.000000000000        1.5000000000000018       -3.0959588072074746       -1.5959588072074729       -7.9891648852026265E-013   3.7392311469375272E-013  -2.3314683517128287E-014
   23900.000000000000        1.4999999999999969       -3.0984345388080388       -1.5984345388080419       -7.3885342288804168E-013   4.8036574717968961E-013   6.9250161160994139E-014
   24000.000000000000        1.5000000000000062       -3.0917962422491243       -1.5917962422491181       -7.5675576916012233E-013   4.3116898940098736E-013   8.8040685852774914E-014
   24100.000000000000        1.4999999999999887       -3.0920767077936602       -1.5920767077936715       -8.4066087424616853E-013   4.5352610555937645E-013  -6.3560268159790212E-014
   24200.000000000000        1.5000000000000049       -3.0916670272480253       -1.5916670272480204       -7.5756068085297557E-013   6.2744254236690722E-013   2.4868995751603507E-014
   24300.000000000000        1.4999999999999976       -3.1014042715051215       -1.6014042715051240       -8.9928064994637680E-013   4.3387515802351118E-013   5.8841820305133297E-015
   24400.000000000000        1.4999999999999962       -3.1002970291632312       -1.6002970291632350       -7.4251715886930469E-013   4.8780424144467815E-013  -2.8088642523016460E-014
   24500.000000000000        1.5000000000000036       -3.0988819570855473       -1.5988819570855437       -8.0979667416158918E-013   5.7998050806418178E-013  -1.1635137298071641E-013
   24600.000000000000        1.5000000000000011       -3.0985438965578029       -1.5985438965578018       -8.7019280670119770E-013   4.7950532433560511E-013  -4.3853809472693683E-014
   24700.000000000000        1.4999999999999971       -3.1004892543529912       -1.6004892543529941       -7.3033246117404360E-013   5.0215387403795830E-013  -6.9055872131684737E-014
   24800.000000000000        1.5000000000000022       -3.0986039018836458       -1.5986039018836435       -8.0249695777467878E-013   6.0684790526011056E-013  -2.5812685322534890E-015
   24900.000000000000        1.5000000000000000       -3.1080572638252892       -1.6080572638252892       -7.6719186559159880E-013   6.3637983771513973E-013  -3.5721425817314412E-014
   25000.000000000000        1.5000000000000067       -3.0990694053428482       -1.5990694053428416       -7.5761619200420682E-013   5.3923532306043853E-013  -7.7049477908985864E-014
   25100.000000000000        1.5000000000000084       -3.1014165053007199       -1.6014165053007114       -8.0224715759413812E-013   5.0537352080937126E-013  -4.4964032497318840E-014
   25200.000000000000        1.5000000000000022       -3.0916206429097981       -1.5916206429097959       -8.1956663677829056E-013   5.9330318435968366E-013  -1.6076029396572267E-013
   25300.000000000000        1.4999999999999956       -3.1045017139399578       -1.6045017139399622       -6.9011463210699731E-013   4.9799053769561397E-013  -2.9698465908722937E-014
   25400.000000000000        1.5000000000000016       -3.1296146905806586       -1.6296146905806570       -6.9053096574123174E-013   5.3890225615305098E-013  -1.0424994201230220E-013
   25500.000000000000        1.4999999999999947       -3.1154974759826954       -1.6154974759827008       -6.7545968818194524E-013   6.1817218011128716E-013  -3.3528735343679728E-014
   25600.000000000000        1.5000000000000115       -3.1115968910932428       -1.6115968910932312       -7.7848838486715977E-013   5.0082160640840812E-013  -4.5519144009631418E-014
   25700.000000000000        1.5000000000000091       -3.1070794531451145       -1.6070794531451054       -6.9722005946459831E-013   4.9525661349747452E-013  -5.5712379154471137E-014
   25800.000000000000        1.5000000000000002       -3.0978060230413038       -1.5978060230413036       -7.5051076464660582E-013   5.8408833325529486E-013  -1.9587803601339715E-013
   25900.000000000000        1.5000000000000000       -3.0954260942774594       -1.5954260942774594       -6.9255712276117265E-013   5.8608673469962014E-013  -4.8509807282215434E-014
   26000.000000000000        1.5000000000000102       -3.1024231993143601       -1.6024231993143498       -7.4740214017765538E-013   6.1600724521326811E-013   3.6415315207705135E-014
   26100.000000000000        1.5000000000000002       -3.1029470783412529       -1.6029470783412527       -5.1869619710487314E-013   5.7925886309817542E-013  -2.9753977059954195E-014
   26200.000000000000        1.4999999999999998       -3.1070354058735266       -1.6070354058735268       -7.2103434334280792E-013   5.5866422599137877E-013  -6.1506355564233672E-014
   26300.000000000000        1.4999999999999911       -3.1152932658494992       -1.6152932658495081       -6.4026561830132778E-013   7.0676797747637465E-013   4.4408920985006262E-015
   26400.000000000000        1.4999999999999931       -3.1194528387903127       -1.6194528387903195       -6.3171690101171407E-013   6.5814020899779280E-013  -1.5779044737485037E-013
   26500.000000000000        1.4999999999999996       -3.1204241385056122       -1.6204241385056126       -4.8955284270846278E-013   7.1476158325367578E-013  -9.8809849191638932E-014
   26600.000000000000        1.4999999999999989       -3.1268535850925936       -1.6268535850925947       -5.6976645623763034E-013   5.2291504459844873E-013  -1.7397194795876203E-013
   26700.000000000000        1.4999999999999971       -3.0984599464874019       -1.5984599464874047       -5.5962179335011797E-013   4.4334327875539259E-013  -9.1149310321725352E-014
   26800.000000000000        1.5000000000000013       -3.1095512241844525       -1.6095512241844512       -5.2313708920337376E-013   4.9849013805669529E-013  -1.0513812043200232E-013
   26900.000000000000        1.4999999999999891       -3.1313228970096190       -1.6313228970096298       -5.4117821335353256E-013   4.6651571494749078E-013  -9.5923269327613525E-014
   27000.000000000000        1.4999999999999964       -3.1112774091774145       -1.6112774091774180       -4.9066306573308793E-013   4.7140069625584147E-013   7.0832228971084987E-014
   27100.000000000000        1.4999999999999867       -3.1198406015354085       -1.6198406015354219       -3.7481129311345285E-013   5.7109872386718052E-013  -4.4075854077618715E-014
   27200.000000000000        1.5000000000000093       -3.1165680430005156       -1.6165680430005063       -5.7132076847210556E-013   4.6591897007175476E-013  -4.4630965589931293E-014
   27300.000000000000        1.4999999999999960       -3.0996958710806064       -1.5996958710806104       -6.0243476873722557E-013   5.0703885534630899E-013   2.5068835896036035E-013
   27400.000000000000        1.5000000000000029       -3.1171250406577040       -1.6171250406577011       -5.9396931817445875E-013   5.3346216333238772E-013   7.6827433304060833E-014
   27500.000000000000        1.4999999999999962       -3.0933573904716196       -1.5933573904716234       -4.8733239665921246E-013   6.1292637631993330E-013   1.0491607582707729E-014
   27600.000000000000        1.4999999999999940       -3.0968785303744277       -1.5968785303744337       -5.2208237732997986E-013   4.5871639819949905E-013   1.2462253451417382E-013
   27700.000000000000        1.4999999999999933       -3.1231498517818395       -1.6231498517818461       -3.4988678621061808E-013   4.3498538104813633E-013   9.4924068605450884E-014
   27800.000000000000        1.4999999999999980       -3.1020807659549727       -1.6020807659549747       -5.0187631828180201E-013   5.2502446834523653E-013   9.8809849191638932E-014
   27900.000000000000        1.4999999999999969       -3.1080531826698490       -1.6080531826698521       -6.9481226327994250E-013   3.9113157157544265E-013  -1.6431300764452317E-014
   28000.000000000000        1.5000000000000078       -3.1031983152997111       -1.6031983152997034       -5.0359716396997101E-013   4.2238434971864081E-013  -6.9722005946459831E-014
   28100.000000000000        1.4999999999999987       -3.1029319188440949       -1.6029319188440962       -5.9996452250743459E-013   3.5416114485542494E-013   3.8968828164342995E-014
   28200.000000000000        1.5000000000000018       -3.0841866693149642       -1.5841866693149624       -5.1481041651868509E-013   4.3165471197426086E-013   1.6930901125533637E-014
   28300.000000000000        1.5000000000000040       -3.0864367622544502       -1.5864367622544462       -5.7531757136075612E-013   4.9099613264047548E-013   6.6141536692043701E-014
   28400.000000000000        1.5000000000000111       -3.0798274381790032       -1.5798274381789921       -6.1617377866696188E-013   4.2865710980777294E-013   6.3282712403633923E-014
   28500.000000000000        1.4999999999999978       -3.0951149664968831       -1.5951149664968853       -4.7817305670605492E-013   2.2526425169644426E-013  -2.8865798640254070E-014
   28600.000000000000        1.4999999999999909       -3.0924346408463448       -1.5924346408463539       -5.3290705182007514E-013   4.2682090500845149E-013   4.6851411639181606E-014
   28700.000000000000        1.4999999999999978       -3.0831559212782906       -1.5831559212782929       -4.3290371287696416E-013   2.5202062658991053E-013  -1.0164091790443308E-013
   28800.000000000000        1.5000000000000062       -3.0972569729400639       -1.5972569729400576       -6.3993255139394023E-013   3.5593750169482519E-013  -9.5812247025151009E-014
   28900.000000000000        1.5000000000000000       -3.0992515834947341       -1.5992515834947341       -5.3301807412253766E-013   3.9596104173256208E-013   5.9729998724833422E-014
   29000.000000000000        1.5000000000000018       -3.1312309149073312       -1.6312309149073294       -6.1350924340786150E-013   3.8802294710649221E-013  -7.2608585810485238E-014
   29100.000000000000        1.5000000000000051       -3.1220585689414988       -1.6220585689414937       -3.8080649744642869E-013   2.4835689060864752E-013  -2.5313084961453569E-014
   29200.000000000000        1.4999999999999982       -3.1088628460298477       -1.6088628460298495       -2.6575963651964685E-013   1.9284573937738969E-013  -1.8496315590255108E-013
   29300.000000000000        1.4999999999999893       -3.1042613587912520       -1.6042613587912626       -4.3098857815948577E-013   3.9945824426013132E-013  -6.9833028248922346E-014
   29400.000000000000        1.5000000000000069       -3.1089432846347864       -1.6089432846347795       -4.2854608750531042E-013   5.0559556541429629E-013  -6.7633398881383755E-014
   29500.000000000000        1.4999999999999980       -3.0843244264705718       -1.5843244264705738       -5.3584914283533180E-013   4.7517545453956700E-013   3.4638958368304884E-014
   29600.000000000000        1.4999999999999969       -3.0742809363077295       -1.5742809363077326       -4.7001291747506002E-013   3.4865166309572260E-013  -4.0856207306205761E-014
   29700.000000000000        1.5000000000000053       -3.0769045382414322       -1.5769045382414268       -5.3468340865947539E-013   3.0042635046356736E-013  -5.6399329650957952E-014
   29800.000000000000        1.5000000000000073       -3.0869876598994068       -1.5869876598993995       -6.6124883346674324E-013   3.1674662892555716E-013  -1.5154544286133387E-014
   29900.000000000000        1.5000000000000018       -3.1080114654207947       -1.6080114654207929       -4.8878956437903298E-013   3.0841995624086849E-013  -1.8540724511240114E-014
   30000.000000000000        1.5000000000000016       -3.1110503439171167       -1.6110503439171151       -5.8886229226118303E-013   3.0098146197587994E-013  -6.4309668701412193E-014
   30100.000000000000        1.5000000000000109       -3.0927943629884136       -1.5927943629884027       -4.2371661734819099E-013   4.1466829969749597E-013  -7.8936857050848630E-014
   30200.000000000000        1.4999999999999982       -3.0783946909681967       -1.5783946909681985       -6.8156591481738360E-013   2.9887203822909214E-013  -4.6629367034256575E-015
   30300.000000000000        1.5000000000000113       -3.1022553621097617       -1.6022553621097504       -5.5799809217660368E-013   2.7811086766860171E-013  -1.0902390101819037E-013
   30400.000000000000        1.5000000000000011       -3.1140595950921059       -1.6140595950921048       -4.6121440000490566E-013   3.3134757958241945E-013   1.0391687510491465E-013
   30500.000000000000        1.4999999999999980       -3.1146689312545850       -1.6146689312545870       -3.1930014188219502E-013   3.1152858070981893E-013  -5.6898930012039273E-014
   30600.000000000000        1.5000000000000080       -3.0889834651082873       -1.5889834651082793       -4.1366909897533333E-013   2.8249624861587108E-013   2.0872192862952943E-014
   30700.000000000000        1.5000000000000089       -3.0987275585880751       -1.5987275585880663       -5.3379523023977526E-013   2.8677060726067793E-013  -6.5504893176360213E-014
   30800.000000000000        1.4999999999999996       -3.1060370215147350       -1.6060370215147355       -5.1936233091964823E-013   4.2899017671516049E-013  -9.5701224722688494E-014
   30900.000000000000        1.4999999999999920       -3.1102316311054978       -1.6102316311055058       -4.4764192352886312E-013   3.7161593247070357E-013  -2.6845192735436285E-013
   31000.000000000000        1.5000000000000036       -3.0742666789983124       -1.5742666789983089       -3.9412917374193057E-013   3.5921612906442135E-013  -7.5495165674510645E-015
   31100.000000000000        1.4999999999999942       -3.1063105193634408       -1.6063105193634466       -6.1506355564233672E-013   3.7903014060702844E-013  -1.0366707492437399E-013
   31200.000000000000        1.5000000000000018       -3.1063451998687626       -1.6063451998687608       -5.6654680946621738E-013   3.8580250105724190E-013   7.4495964952348004E-014
   31300.000000000000        1.5000000000000004       -3.0912847375403301       -1.5912847375403296       -3.8735681329171712E-013   3.5699221356821909E-013   9.5035090907913400E-014
   31400.000000000000        1.4999999999999976       -3.0855059560943463       -1.5855059560943487       -4.4240999752531707E-013   4.5830006456526462E-013  -4.1744385725905886E-014
   31500.000000000000        1.4999999999999978       -3.1037539214333365       -1.6037539214333387       -4.8983039846461907E-013   3.9179770539021774E-013   1.7319479184152442E-014
   31600.000000000000        1.5000000000000004       -3.1003898553119602       -1.6003898553119598       -4.5419223937415154E-013   4.6929127250905367E-013  -1.0214051826551440E-014
   31700.000000000000        1.4999999999999956       -3.1014287868082469       -1.6014287868082513       -5.5669358012266912E-013   4.5435877282784531E-013  -7.1054273576010019E-014
   31800.000000000000        1.5000000000000013       -3.0946203365894305       -1.5946203365894291       -4.0967229608668276E-013   4.6207482284899015E-013  -1.2789769243681803E-013
   31900.000000000000        1.4999999999999960       -3.0996700633175003       -1.5996700633175043       -4.9882320496408283E-013   4.5952130989235229E-013  -5.1514348342607263E-014
   32000.000000000000        1.4999999999999944       -3.1109116040336144       -1.6109116040336200       -5.2398732054703689E-013   4.5941028758988978E-013  -4.0412118096355698E-014
   32100.000000000000        1.5000000000000053       -3.1139354218386877       -1.6139354218386823       -3.7636560534792807E-013   4.6207482284899015E-013  -3.3084646133829665E-014
   32200.000000000000        1.4999999999999933       -3.1151240469588446       -1.6151240469588513       -4.0978331838914528E-013   5.7254201379919323E-013  -7.8159700933611020E-014
   32300.000000000000        1.5000000000000091       -3.1104833212484522       -1.6104833212484431       -3.9312997301976793E-013   5.2174931042259232E-013  -1.9317880628477724E-014
   32400.000000000000        1.5000000000000098       -3.1155586699465632       -1.6155586699465534       -4.0478731477833207E-013   6.1284310959308641E-013   1.8895995879120164E-013
   32500.000000000000        1.4999999999999993       -3.1107796186323875       -1.6107796186323882       -4.7093579036427968E-013   6.0551563763056038E-013  -2.9920510513647969E-014
   32600.000000000000        1.5000000000000051       -3.1111228790875436       -1.6111228790875385       -4.0861758421328886E-013   4.8927528695230649E-013  -1.1102230246251565E-015
   32700.000000000000        1.4999999999999967       -3.0898250848990898       -1.5898250848990931       -3.0331293032759277E-013   4.2899017671516049E-013  -1.6209256159527285E-014
   32800.000000000000        1.5000000000000062       -3.0997622810044718       -1.5997622810044656       -4.0012437807490642E-013   3.5898888028906839E-013  -1.2495213197460942E-013
   32900.000000000000        1.5000000000000042       -3.0986074729168505       -1.5986074729168462       -3.8324898810060404E-013   4.1322500976548326E-013  -1.6875389974302379E-013
   33000.000000000000        1.5000000000000078       -3.1113955723320021       -1.6113955723319944       -3.8435921112522919E-013   4.5524695124754544E-013   3.6415315207705135E-014
   33100.000000000000        1.4999999999999989       -3.1165542939226065       -1.6165542939226076       -5.5089266481900268E-013   4.0101255649460654E-013   4.4006465138579642E-014
   33200.000000000000        1.5000000000000095       -3.1176965862619879       -1.6176965862619783       -3.6881608878047700E-013   5.3801407773335086E-013   1.9095836023552692E-014
   33300.000000000000        1.4999999999999907       -3.1141760325504451       -1.6141760325504544       -3.5393910025049991E-013   5.0068282853032997E-013   2.0450308113595383E-013
   33400.000000000000        1.4999999999999927       -3.1177137986365970       -1.6177137986366044       -3.5604852399728770E-013   5.0159876252564572E-013   2.6645352591003757E-014
   33500.000000000000        1.5000000000000007       -3.1128593944787792       -1.6128593944787786       -4.1022740759899534E-013   5.7776006201493146E-013   9.3813845580825728E-014
   33600.000000000000        1.4999999999999944       -3.1071025353009070       -1.6071025353009125       -3.1408209366645679E-013   5.7287508070658077E-013   1.1779466291272911E-013
   33700.000000000000        1.5000000000000029       -3.1244164446428258       -1.6244164446428229       -3.3617553185649740E-013   6.2760907582060099E-013   6.0396132539608516E-014
   33800.000000000000        1.4999999999999905       -3.1072884880203082       -1.6072884880203178       -2.9842794901924208E-013   7.0721206668622472E-013   7.5509043462318459E-014
   33900.000000000000        1.5000000000000024       -3.1034083488562172       -1.6034083488562147       -3.2918112680135891E-013   6.2283511681471282E-013   4.8627768478581856E-014
   34000.000000000000        1.4999999999999942       -3.1168668238231749       -1.6168668238231807       -1.3566925360919413E-013   7.1362360465343500E-013   1.0680345496894006E-013
   34100.000000000000        1.5000000000000051       -3.1196426972286488       -1.6196426972286437       -2.2626345241860690E-013   5.3196336224914376E-013   6.0618177144533547E-014
   34200.000000000000        1.4999999999999925       -3.1262542153680912       -1.6262542153680988       -2.2759572004815709E-013   6.2083671537038754E-013  -1.3544720900426910E-014
   34300.000000000000        1.4999999999999964       -3.1011140461737234       -1.6011140461737270       -3.5538239018251261E-013   5.9374727356953372E-013   6.8389738316909643E-014
   34400.000000000000        1.5000000000000024       -3.1062220643739118       -1.6062220643739094       -2.8976820942716586E-013   4.4919623576333834E-013   1.7635892746170612E-013
   34500.000000000000        1.5000000000000022       -3.1130505877569967       -1.6130505877569945       -3.7758685067501574E-013   5.1780801868517301E-013  -1.1934897514720433E-014
   34600.000000000000        1.4999999999999969       -3.1243917309004616       -1.6243917309004647       -3.7214675785435247E-013   5.5710991375690355E-013   1.2656542480726785E-013
   34700.000000000000        1.5000000000000111       -3.1313406457602468       -1.6313406457602357       -2.2948309919001986E-013   5.3806958888458212E-013   1.0667855487866973E-013
   34800.000000000000        1.5000000000000084       -3.1185235706732901       -1.6185235706732817       -3.7347902548390266E-013   4.0090153419214403E-013   3.2085445411667024E-014
   34900.000000000000        1.5000000000000004       -3.1341106123413804       -1.6341106123413800       -1.2370660051885807E-013   5.2091664315412345E-013   1.7641443861293737E-013
   35000.000000000000        1.4999999999999964       -3.1315854471530318       -1.6315854471530353       -3.0965507935576397E-013   4.6296300126869028E-013   1.4757639554829893E-013
   35100.000000000000        1.5000000000000095       -3.1223895522314375       -1.6223895522314280       -3.9368508453208051E-013   5.6610272025636732E-013   2.5657254099087368E-013
   35200.000000000000        1.4999999999999960       -3.1226799493660518       -1.6226799493660558       -2.6967317268145052E-013   5.8947291492472687E-013   1.8490764475131982E-013
   35300.000000000000        1.5000000000000016       -3.1064016168787645       -1.6064016168787629       -2.2065682614424986E-013   8.4399154332004400E-013   1.4310774787418268E-013
   35400.000000000000        1.4999999999999982       -3.1090968060674977       -1.6090968060674995       -2.5179858198498550E-013   6.1239902038323635E-013   1.1607381722456012E-013
   35500.000000000000        1.4999999999999944       -3.0957667964571782       -1.5957667964571838       -2.3936408410918375E-013   5.7398530373120593E-013   2.6309510126054647E-013
   35600.000000000000        1.5000000000000133       -3.1277756523910245       -1.6277756523910112       -2.9670710333107309E-013   5.7287508070658077E-013   1.3500311979441904E-013
   35700.000000000000        1.5000000000000011       -3.1248310408042941       -1.6248310408042930       -3.0020430585864233E-013   5.4551849149042653E-013   1.4366285938649526E-013
   35800.000000000000        1.5000000000000029       -3.1236986396642044       -1.6236986396642015       -2.0144996781823465E-013   5.4045656838752620E-013   7.0693451093006843E-014
   35900.000000000000        1.5000000000000044       -3.1206703940634601       -1.6206703940634557       -2.9998226125371730E-013   6.1894933622852477E-013   4.3576253716537394E-014
   36000.000000000000        1.4999999999999976       -3.1249686818850959       -1.6249686818850984       -4.3176573427672338E-013   6.0629279374779799E-013   1.6864287744056128E-013
   36100.000000000000        1.5000000000000042       -3.1371459815419507       -1.6371459815419465       -3.7581049383561549E-013   6.5103478164019180E-013   1.2669726379144208E-013
   36200.000000000000        1.5000000000000122       -3.1253700660849795       -1.6253700660849673       -3.5169089862563396E-013   6.1972649234576238E-013   3.5482727867020003E-013
   36300.000000000000        1.4999999999999960       -3.1119606446313459       -1.6119606446313499       -5.4156679141215136E-013   5.6430077624569641E-013   8.8373752760162461E-014
   36400.000000000000        1.5000000000000024       -3.1212849420821498       -1.6212849420821474       -2.9953817204386723E-013   5.8486548937253247E-013  -6.3282712403633923E-014
   36500.000000000000        1.4999999999999876       -3.1158749967165935       -1.6158749967166059       -2.0622392682412283E-013   4.5474735088646412E-013   7.7937656328685989E-014
   36600.000000000000        1.5000000000000131       -3.1078347789501790       -1.6078347789501659       -3.2240876635114546E-013   5.9208193903259598E-013   6.5281113847959205E-014
   36700.000000000000        1.5000000000000000       -3.1135576656877286       -1.6135576656877286       -3.2174263253637037E-013   4.9937831647639541E-013  -7.9936057773011271E-015
   36800.000000000000        1.5000000000000060       -3.1153950857960444       -1.6153950857960384       -4.0364933617809129E-013   3.3617553185649740E-013   1.5959455978986625E-014
   36900.000000000000        1.5000000000000038       -3.0982249866502776       -1.5982249866502738       -3.9898639947466563E-013   4.8588910672719976E-013   7.5606187976973160E-014
   37000.000000000000        1.5000000000000182       -3.1095191301685925       -1.6095191301685743       -3.9979131116751887E-013   6.1284310959308641E-013   6.1312066534924270E-014
   37100.000000000000        1.5000000000000000       -3.0942831045542958       -1.5942831045542958       -3.5926817076870066E-013   4.8760995241536875E-013   1.1102230246251565E-014
   37200.000000000000        1.5000000000000093       -3.1027065183748679       -1.6027065183748586       -3.5982328228101323E-013   4.2277292777725961E-013   1.2256862191861728E-013
   37300.000000000000        1.5000000000000024       -3.1239359923353760       -1.6239359923353736       -2.9398705692074145E-013   6.2938543266000124E-013   6.6335825721353103E-014
   37400.000000000000        1.5000000000000049       -3.1322105155887150       -1.6322105155887101       -3.3845148905697897E-013   5.8308913253313222E-013   6.2838623193783860E-014
   37500.000000000000        1.5000000000000022       -3.1098826873601189       -1.6098826873601166       -4.6052051061451493E-013   6.4659388954169117E-013   7.8825834748386114E-014
   37600.000000000000        1.4999999999999913       -3.1074176442752197       -1.6074176442752284       -4.2676973066591017E-013   5.1425530500637251E-013   8.7818641247849882E-014
   37700.000000000000        1.4999999999999978       -3.1096469662067063       -1.6096469662067086       -4.1733283495659634E-013   5.7476245984844354E-013   5.4622972811557702E-014
   37800.000000000000        1.5000000000000016       -3.1087582159282845       -1.6087582159282829       -5.0437432008720862E-013   4.9826809345177026E-013   5.1236792586450974E-014
   37900.000000000000        1.5000000000000033       -3.1102997800176526       -1.6102997800176493       -4.4786396813378815E-013   5.4245496983185149E-013   1.6153745008296028E-013
   38000.000000000000        1.4999999999999876       -3.1173840299404292       -1.6173840299404416       -4.8649972939074360E-013   5.1936233091964823E-013   2.7133850721838826E-013
   38100.000000000000        1.4999999999999951       -3.1106808043196628       -1.6106808043196676       -3.9823699893304365E-013   5.5844218138645374E-013   1.6653345369377348E-013
   38200.000000000000        1.4999999999999931       -3.1055485231251980       -1.6055485231252049       -2.4935609133081016E-013   6.6058269965196814E-013   1.0358380819752711E-013
   38300.000000000000        1.5000000000000056       -3.1062235949434971       -1.6062235949434915       -3.1563640590093200E-013   5.9474647429169636E-013   2.6845192735436285E-013
   38400.000000000000        1.5000000000000013       -3.1141466609585708       -1.6141466609585695       -4.0012437807490642E-013   6.8567374000849668E-013   2.3775426072347727E-013
   38500.000000000000        1.4999999999999885       -3.1139017983640622       -1.6139017983640738       -3.4749980670767400E-013   6.8212102632969618E-013   2.7067237340361316E-013
   38600.000000000000        1.5000000000000020       -3.1472740172616320       -1.6472740172616300       -3.5382807794803739E-013   6.5392136150421720E-013   4.1966430330830917E-014
   38700.000000000000        1.4999999999999938       -3.1384596317196398       -1.6384596317196460       -3.6048941609578833E-013   5.6110671664555412E-013   1.9917401061775308E-013
   38800.000000000000        1.5000000000000013       -3.1144799320435212       -1.6144799320435199       -2.8532731732866523E-013   5.3890225615305098E-013   5.5733195836182858E-014
   38900.000000000000        1.5000000000000042       -3.1231068402735334       -1.6231068402735291       -2.5196511543867928E-013   6.5414340610914223E-013   1.7941204077942530E-013
   39000.000000000000        1.4999999999999998       -3.1232047634954831       -1.6232047634954834       -3.2857050413781508E-013   5.2269299999352370E-013   1.1979306435705439E-013
   39100.000000000000        1.5000000000000007       -3.1359060539469086       -1.6359060539469079       -4.3542947025798640E-013   5.5466742310272821E-013   9.3924867883288243E-014
   39200.000000000000        1.5000000000000051       -3.1350319791806087       -1.6350319791806036       -4.3853809472693683E-013   6.0462745921086025E-013   8.3821838359199319E-015
   39300.000000000000        1.5000000000000018       -3.1444072374495788       -1.6444072374495771       -5.3612669859148809E-013   5.3691773249653352E-013  -3.2196467714129540E-014
   39400.000000000000        1.4999999999999960       -3.1362199471186840       -1.6362199471186880       -3.7816971776294395E-013   6.5947247662734299E-013   1.3011813848606835E-013
   39500.000000000000        1.5000000000000133       -3.1255295987854663       -1.6255295987854530       -4.7273296388539165E-013   6.6058616909892010E-013   3.1086244689504383E-014
   39600.000000000000        1.5000000000000111       -3.1095955231510222       -1.6095955231510111       -4.7295500849031669E-013   6.3493654778312703E-013   9.2592600253738055E-014
   39700.000000000000        1.4999999999999984       -3.1201928180652230       -1.6201928180652245       -4.7428727611986687E-013   5.6110671664555412E-013   3.5971225997855072E-014
   39800.000000000000        1.5000000000000033       -3.1254584556060698       -1.6254584556060665       -5.0937032369802182E-013   6.1081695257314550E-013  -3.1530333899354446E-014
   39900.000000000000        1.5000000000000107       -3.1310567320294398       -1.6310567320294291       -5.8109073108880693E-013   4.6873616099674109E-013  -6.6613381477509392E-015
   40000.000000000000        1.4999999999999927       -3.1340723733195945       -1.6340723733196019       -4.2033043712308427E-013   5.1469939421622257E-013   2.4202861936828413E-014
   40100.000000000000        1.4999999999999969       -3.1472115618792280       -1.6472115618792311       -4.9049653227939416E-013   4.9560355819266988E-013  -1.1879386363489175E-014
   40200.000000000000        1.5000000000000113       -3.1520166400809742       -1.6520166400809628       -4.8316906031686813E-013   5.2857718202403703E-013   2.7977620220553945E-014
   40300.000000000000        1.5000000000000018       -3.1196643938723163       -1.6196643938723145       -5.2757798130187439E-013   4.5763393075048953E-013  -1.7902346272080649E-015
   40400.000000000000        1.5000000000000020       -3.1139956471538754       -1.6139956471538734       -4.4297898682543746E-013   4.5785597535541456E-013   5.6066262743570405E-015
   40500.000000000000        1.4999999999999860       -3.1268450243273769       -1.6268450243273909       -4.2676973066591017E-013   3.7958525211934102E-013   6.3227201252402665E-014
   40600.000000000000        1.5000000000000029       -3.1212719002768226       -1.6212719002768197       -3.8020975257069267E-013   2.6900703886667543E-013   3.0586644328423063E-014
   40700.000000000000        1.4999999999999996       -3.1182859288083975       -1.6182859288083979       -2.3131496718065137E-013   5.0476289814582742E-013   4.2188474935755949E-015
   40800.000000000000        1.5000000000000069       -3.1111208445049794       -1.6111208445049725       -2.7955415760061442E-013   4.2623543583530932E-013  -6.8278716014447127E-014
   40900.000000000000        1.5000000000000011       -3.1039403552651690       -1.6039403552651679       -2.4846791291111003E-013   4.4164671919588727E-013   9.8143715376863838E-014
   41000.000000000000        1.4999999999999876       -3.1243265489330292       -1.6243265489330416       -3.9679370900103095E-013   3.9640513094241214E-013   1.5276668818842154E-013
   41100.000000000000        1.5000000000000033       -3.1341277945178514       -1.6341277945178481       -4.4808601273871318E-013   5.0293103015519591E-013   7.5814354794090377E-014
   41200.000000000000        1.4999999999999996       -3.1264442950152516       -1.6264442950152520       -3.7414515929867775E-013   5.1214588125958471E-013   2.0847212844898877E-013
   41300.000000000000        1.5000000000000049       -3.1265162506655084       -1.6265162506655035       -4.2654768606098514E-013   4.7717385598389228E-013   1.8812729152273278E-013
   41400.000000000000        1.5000000000000078       -3.1158039661994876       -1.6158039661994799       -3.5038638657169940E-013   3.7836400679225335E-013   2.9309887850104133E-013
   41500.000000000000        1.5000000000000038       -3.1152407707506895       -1.6152407707506857       -3.6137759451548845E-013   3.7836400679225335E-013   2.0206059048177849E-013
   41600.000000000000        1.5000000000000060       -3.1240060011954154       -1.6240060011954094       -4.1344705437040830E-013   4.3365311341858614E-013   1.7763568394002505E-013
   41700.000000000000        1.4999999999999942       -3.1245530535918520       -1.6245530535918578       -3.7569947153315297E-013   3.9834802123550617E-013   3.5083047578154947E-013
   41800.000000000000        1.5000000000000011       -3.1375305041892854       -1.6375305041892843       -4.3298697960381105E-013   3.6881608878047700E-013   2.5546231796624852E-013
   41900.000000000000        1.4999999999999978       -3.1300431025847950       -1.6300431025847972       -4.8072656966269278E-013   4.7828407900851744E-013   1.4221956945448255E-013
   42000.000000000000        1.5000000000000069       -3.1275385844800394       -1.6275385844800325       -4.9382720135326963E-013   2.4424906541753444E-013   2.8543833963112775E-013
   42100.000000000000        1.4999999999999882       -3.1129052812033424       -1.6129052812033542       -3.9040992660943630E-013   3.7558844923069046E-013   2.0639046027781660E-013
   42200.000000000000        1.5000000000000018       -3.1107151626325766       -1.6107151626325749       -4.2074677075731870E-013   4.5030645878796349E-013   3.1302738179306289E-013
   42300.000000000000        1.5000000000000051       -3.0991248463843899       -1.5991248463843848       -3.4727776210274897E-013   3.5312724966374276E-013   3.0397906414236786E-013
   42400.000000000000        1.5000000000000049       -3.1248136038382932       -1.6248136038382883       -2.7890884046755104E-013   3.6926017799032707E-013   2.5845992013273644E-013
   42500.000000000000        1.4999999999999982       -3.1381326421106981       -1.6381326421106999       -6.5088212597430584E-013   4.4197978610327482E-013   2.7688962234151404E-013
   42600.000000000000        1.4999999999999920       -3.1330929201222277       -1.6330929201222357       -3.9590553058133082E-013   3.7669867225531561E-013   2.7311486405778851E-013
   42700.000000000000        1.5000000000000056       -3.0967532129735988       -1.5967532129735933       -4.1966430330830917E-013   3.1443077308512812E-013   2.8013702468854262E-013
   42800.000000000000        1.5000000000000042       -3.1001589826524167       -1.6001589826524125       -4.1766590186398389E-013   4.7206683007061656E-013   2.0650148258027912E-013
   42900.000000000000        1.4999999999999898       -3.0938413662030229       -1.5938413662030331       -4.4725334547024431E-013   4.4275694222051243E-013   2.6706414857358141E-013
   43000.000000000000        1.4999999999999993       -3.0846246323471522       -1.5846246323471529       -4.8047676948215212E-013   3.2301938901468930E-013   3.7492231541591536E-013
   43100.000000000000        1.4999999999999891       -3.0765969629132157       -1.5765969629132266       -6.1049776345356577E-013   3.2807090377673376E-013   3.7098102367849606E-013
   43200.000000000000        1.4999999999999940       -3.0844876356707158       -1.5844876356707218       -5.7803761777108775E-013   2.5893176491820213E-013   3.4372504842394846E-013
   43300.000000000000        1.4999999999999876       -3.0883965406323046       -1.5883965406323171       -4.9130144397224740E-013   4.4053649617126212E-013   2.5879298704012399E-013
   43400.000000000000        1.4999999999999967       -3.0945237315808010       -1.5945237315808043       -5.6399329650957952E-013   4.1399089018012702E-013   1.1579626146840383E-013
   43500.000000000000        1.5000000000000031       -3.0933168354379483       -1.5933168354379452       -4.5164653267315558E-013   4.0178971261184415E-013   2.1382895454280515E-013
   43600.000000000000        1.5000000000000022       -3.0937122113900259       -1.5937122113900237       -3.9732106493772790E-013   3.5549341248497512E-013   2.7584878825592796E-013
   43700.000000000000        1.5000000000000042       -3.1121460227503945       -1.6121460227503903       -5.2757798130187439E-013   2.5771051959111446E-013   2.0133894551577214E-013
   43800.000000000000        1.4999999999999980       -3.1196579009521375       -1.6196579009521395       -5.5155879863377777E-013   3.4467220744183180E-013   2.0006218903745321E-013
   43900.000000000000        1.5000000000000000       -3.1267014997985401       -1.6267014997985401       -4.7295500849031669E-013   2.9565239145767919E-013   2.5690560789826122E-013
   44000.000000000000        1.5000000000000029       -3.1163044491478615       -1.6163044491478586       -5.0448534238967113E-013   3.5749181392930041E-013   2.4570623313735496E-013
   44100.000000000000        1.5000000000000069       -3.1265735404412855       -1.6265735404412787       -4.3942627314663696E-013   3.3117952824568420E-013   4.0240033527538799E-013
   44200.000000000000        1.5000000000000033       -3.1217919246026060       -1.6217919246026027       -5.1525450572853515E-013   2.8355096048926498E-013   2.3736568266485847E-013
   44300.000000000000        1.5000000000000153       -3.1131495675303476       -1.6131495675303322       -5.6243898427510430E-013   3.1641356201816961E-013   3.0242475190789264E-013
   44400.000000000000        1.5000000000000018       -3.1020209401125727       -1.6020209401125709       -5.1703086256793540E-013   2.4852342406234129E-013   3.2285285556099552E-013
   44500.000000000000        1.4999999999999944       -3.1197945338145034       -1.6197945338145090       -4.0484282592956333E-013   2.9387603461827894E-013   2.3303581286882036E-013
   44600.000000000000        1.5000000000000013       -3.1266640116530335       -1.6266640116530322       -4.6185277824406512E-013   4.1861653032881918E-013   1.5867862579455050E-013
   44700.000000000000        1.4999999999999940       -3.1445768676530705       -1.6445768676530765       -5.3779203312842583E-013   3.4861002973229915E-013   1.6875389974302379E-013
   44800.000000000000        1.5000000000000111       -3.1414735666718014       -1.6414735666717903       -3.5837999234900053E-013   1.9484414082171497E-013   2.4891200212096010E-013
   44900.000000000000        1.4999999999999869       -3.1398296026521235       -1.6398296026521366       -4.8427928334149328E-013   3.1988821314055116E-013   1.5948353748740374E-013
   45000.000000000000        1.4999999999999885       -3.1351411151320483       -1.6351411151320598       -4.9626969200744497E-013   3.4616753907812381E-013   2.7267077484793845E-013
   45100.000000000000        1.5000000000000049       -3.1365295662928143       -1.6365295662928094       -3.9523939676655573E-013   4.2299497238218464E-013   2.1649348980190553E-013
   45200.000000000000        1.4999999999999907       -3.1456729567317199       -1.6456729567317292       -3.5738079162683789E-013   3.7303493627405260E-013   1.8351986597053838E-013
   45300.000000000000        1.4999999999999980       -3.1339361480347363       -1.6339361480347383       -5.1736392947532295E-013   5.9087804094026808E-013   2.0486390361895701E-013
   45400.000000000000        1.4999999999999978       -3.1206263473275109       -1.6206263473275131       -4.2998937743732313E-013   3.8002934132919108E-013   1.2589929099249275E-013
   45500.000000000000        1.5000000000000042       -3.1040101280568475       -1.6040101280568433       -4.1033842990145786E-013   3.4222624734070450E-013   2.6822988274943782E-013
   45600.000000000000        1.4999999999999980       -3.1110700232824642       -1.6110700232824662       -3.1441516057384433E-013   3.5405012255296242E-013   1.4438450435250161E-013
   45700.000000000000        1.5000000000000067       -3.1142591437427054       -1.6142591437426987       -2.9665159217984183E-013   2.1271873151817999E-013   5.8175686490358203E-014
   45800.000000000000        1.4999999999999838       -3.1060242573073156       -1.6060242573073318       -5.1991744243196081E-013   2.7200464103316335E-013   1.2612133559741778E-013
   45900.000000000000        1.5000000000000018       -3.1118312943279776       -1.6118312943279758       -2.9687363678476686E-013   2.6267876762631204E-013  -2.1649348980190553E-015
   46000.000000000000        1.5000000000000022       -3.1006449131055258       -1.6006449131055236       -2.6334490144108713E-013   2.6245672302138701E-013   1.1010636846719990E-013
   46100.000000000000        1.5000000000000004       -3.1082840053516869       -1.6082840053516865       -2.6956215037898801E-013   2.5876523146450836E-013   1.0764306113131283E-013
   46200.000000000000        1.5000000000000040       -3.1037186273496062       -1.6037186273496022       -3.1818991885756986E-013   2.2848389846785722E-013   1.5981660439479128E-013
   46300.000000000000        1.5000000000000056       -3.1064199702400699       -1.6064199702400643       -2.8022029141538951E-013   2.5690560789826122E-013   1.9750867608081535E-013
   46400.000000000000        1.5000000000000000       -3.1037395072378775       -1.6037395072378775       -4.8716586320551869E-013   2.2082335959794364E-013   1.3278267374516872E-013
   46500.000000000000        1.5000000000000004       -3.0921137120972118       -1.5921137120972113       -3.1885605267234496E-013   2.9853897132170459E-013   1.8818280267396403E-013
   46600.000000000000        1.4999999999999964       -3.0903100248230424       -1.5903100248230460       -2.2615243011614439E-013   2.8776980798284058E-013   2.3525625891807067E-013
   46700.000000000000        1.4999999999999971       -3.0706352442178404       -1.5706352442178433       -3.1075142459258132E-013   3.0309088572266774E-013   2.0511370379949767E-013
   46800.000000000000        1.4999999999999893       -3.0771792406138863       -1.5771792406138969       -3.1907809727726999E-013   2.2137847111025621E-013   2.1127544158616729E-013
   46900.000000000000        1.4999999999999984       -3.0940345791896227       -1.5940345791896242       -3.3151259515307174E-013   2.9509727994536661E-013   2.5257573810222311E-013
   47000.000000000000        1.4999999999999847       -3.0794521293095594       -1.5794521293095747       -2.6112445539183682E-013   1.7541523789077473E-013   1.9229062786507711E-013
   47100.000000000000        1.4999999999999920       -3.0835910013776959       -1.5835910013777039       -2.4735768988648488E-013   2.4114044094858400E-013   1.6542323066914832E-013
   47200.000000000000        1.5000000000000060       -3.0878319076224887       -1.5878319076224827       -3.4661162828797387E-013   1.7674750552032492E-013   9.8587804586713901E-014
   47300.000000000000        1.5000000000000089       -3.0873591286251325       -1.5873591286251236       -2.9665159217984183E-013  -2.2981616609740740E-014   6.9388939039072284E-015
   47400.000000000000        1.5000000000000104       -3.0746197917926334       -1.5746197917926230       -2.1382895454280515E-013   1.5543122344752192E-013   5.2402526762307389E-014
   47500.000000000000        1.5000000000000098       -3.0964111667248844       -1.5964111667248746       -3.9368508453208051E-013   9.5812247025151009E-014   1.3844481117075702E-013
   47600.000000000000        1.4999999999999996       -3.0922622733610563       -1.5922622733610567       -3.3029134982598407E-013   1.2612133559741778E-013   1.1712852909795402E-013
   47700.000000000000        1.4999999999999964       -3.0872490293630328       -1.5872490293630364       -3.1397107136399427E-013   2.8782531913407183E-014   5.4400928206632670E-014
   47800.000000000000        1.5000000000000013       -3.1091167789615710       -1.6091167789615697       -3.8979930394589246E-013  -4.9349413444588208E-014   1.4588330543574557E-013
   47900.000000000000        1.4999999999999905       -3.0806120230092180       -1.5806120230092275       -2.8481383917977610E-013   2.6201263381153694E-014   1.2789769243681803E-013
   48000.000000000000        1.5000000000000111       -3.0841784647453006       -1.5841784647452894       -3.7392311469375272E-013   7.7160500211448380E-014   8.0491169285323849E-014
   48100.000000000000        1.5000000000000011       -3.0814638879711200       -1.5814638879711189       -4.3187675657918589E-013  -2.3717139363554907E-014   1.3902073936478132E-013
   48200.000000000000        1.5000000000000089       -3.0762965772302655       -1.5762965772302566       -4.0312198024139434E-013   1.4077627952246985E-013   1.6153745008296028E-013
   48300.000000000000        1.4999999999999971       -3.0773295836464438       -1.5773295836464467       -3.5260683262094972E-013   2.8976820942716586E-014   9.7255536957163713E-014
   48400.000000000000        1.5000000000000031       -3.0587797199863247       -1.5587797199863216       -3.6004532688593827E-013   6.0784710598227321E-014   1.8807178037150152E-013
   48500.000000000000        1.5000000000000036       -3.0761576183262744       -1.5761576183262709       -2.7178259642823832E-013   5.3734794391857577E-014   2.0761170560490427E-013
   48600.000000000000        1.5000000000000053       -3.1087033479141848       -1.6087033479141795       -3.2901459334766514E-013   4.9849013805669529E-014   4.3520742565306136E-014
   48700.000000000000        1.4999999999999871       -3.1080979389943155       -1.6080979389943284       -2.8055335832277706E-013   1.8303414339726487E-013   2.5313084961453569E-014
   48800.000000000000        1.5000000000000049       -3.1137954722071504       -1.6137954722071455       -3.1934350996909444E-013  -4.8516746176119341E-014   8.3821838359199319E-015
   48900.000000000000        1.5000000000000060       -3.1174581334036162       -1.6174581334036102       -3.7247982476174002E-013  -9.5812247025151009E-014   1.2234657731369225E-013
   49000.000000000000        1.4999999999999987       -3.1141172900334331       -1.6141172900334344       -3.9809822105496551E-013   1.5099033134902129E-014   1.7985612998927536E-014
   49100.000000000000        1.4999999999999976       -3.1036706656899034       -1.6036706656899058       -5.0470738699459616E-013   6.3504757008558954E-014   1.3988810110276972E-014
   49200.000000000000        1.4999999999999942       -3.1031626912078831       -1.6031626912078889       -3.9523939676655573E-013   1.1701750679549150E-013  -5.5511151231257827E-016
   49300.000000000000        1.5000000000000044       -3.0985660682371168       -1.5985660682371123       -4.6020132149493520E-013   3.3945068977914161E-014   1.7275070263167436E-013
   49400.000000000000        1.5000000000000033       -3.1055949866615378       -1.6055949866615344       -4.6607162573764072E-013  -3.7969627442180354E-014   3.6824709948035661E-014
   49500.000000000000        1.5000000000000002       -3.1030730141233849       -1.6030730141233847       -3.8158365356366630E-013   1.2317924458216112E-013   1.8252066524837574E-013
   49600.000000000000        1.5000000000000011       -3.1073697504499136       -1.6073697504499125       -3.8899439225303922E-013   1.7852386235972517E-013  -3.1308289294429414E-014
   49700.000000000000        1.5000000000000033       -3.0757032444608901       -1.5757032444608867       -3.9301895071730542E-013   1.1235457009206584E-013   1.4382939284018903E-013
   49800.000000000000        1.5000000000000073       -3.0928939224098935       -1.5928939224098861       -3.3728575488112256E-013   1.8762769116165146E-013   7.2164496600635175E-015
   49900.000000000000        1.4999999999999944       -3.0986527638948558       -1.5986527638948613       -3.9840353238673742E-013   1.9956258867637189E-013   1.3541945342865347E-013
   50000.000000000000        1.4999999999999947       -3.0977982353603739       -1.5977982353603792       -4.3143266736933583E-013   1.6164847238542279E-013  -7.6015582717303687E-015
