   50.000000000000000        1.6657365441322884       -1.8033134307402834      -0.13757688660799494       -9.2259533346350509E-014  -9.7477581562088744E-014   2.0206059048177849E-014
   100.00000000000000        1.8780904469271513       -2.0236828019952084      -0.14559235506805712       -1.6875389974302379E-013  -2.0183854587685346E-013   5.3734794391857577E-014
   150.00000000000000        1.8957253299942627       -2.0436693887611233      -0.14794405876686056       -1.0043355036515322E-013  -1.7635892746170612E-013   4.4408920985006262E-014
   200.00000000000000        1.9010221486779542       -2.0448589173308371      -0.14383676865288297       -1.1390888232654106E-013  -1.3566925360919413E-013  -7.9936057773011271E-015
   250.00000000000000        1.8992456253953456       -2.0398907636456918      -0.14064513825034619       -1.9828583219805296E-013  -1.3589129821411916E-013   5.6399329650957952E-014
   300.00000000000000        1.8747795264053846       -2.0136626782445233      -0.13888315183913869       -9.8143715376863838E-014  -1.1846079672750420E-013  -1.9095836023552692E-014
   350.00000000000000        1.8825182951529356       -2.0196714676482008      -0.13715317249526526       -4.2676973066591017E-013  -1.2267964422107980E-013   5.0126569561825818E-014
   400.00000000000000        1.8728958516058318       -2.0059438291152367      -0.13304797750940489       -7.0743411129114975E-013  -8.8401508335778090E-014   4.9071857688431919E-014
   450.00000000000000        1.8669515837552380       -1.9932783443945365      -0.12632676063929860       -2.7666757773658901E-013  -1.2212453270876722E-013   4.6185277824406512E-014
   500.00000000000000        1.8543905999783115       -1.9757117510849997      -0.12132115110668829       -9.1482377229112899E-014  -1.1457501614131615E-013  -1.7985612998927536E-014
   550.00000000000000        1.8338466392324417       -1.9522204126223388      -0.11837377338989707        2.3808732763086482E-013  -1.5190626534433704E-013   8.0158102377936302E-014
   600.00000000000000        1.8250613249235723       -1.9412753487921091      -0.11621402386853674        6.4337424277027822E-014  -1.7054413437023186E-013   8.8373752760162461E-014
   650.00000000000000        1.8344472187749055       -1.9493743887929531      -0.11492717001804764       -1.1116108034059380E-013  -9.5201624361607173E-014   8.5265128291212022E-014
   700.00000000000000        1.8243228571911314       -1.9379576860370422      -0.11363482884591081        8.6597395920762210E-015  -1.4821477378745840E-013   5.7953641885433171E-014
   750.00000000000000        1.8360575913464197       -1.9487945787943117      -0.11273698744789207       -1.7930101847696278E-013   8.5487172896137054E-014   7.4829031859735551E-014
   800.00000000000000        1.8227065192765506       -1.9351334367492332      -0.11242691747268263       -2.3314683517128287E-015  -6.7057470687359455E-014   2.2870594307278225E-014
   850.00000000000000        1.8220234844465599       -1.9355112561970695      -0.11348777175050961       -3.6415315207705135E-013  -1.3444800828210646E-013   1.2856382625159313E-013
   900.00000000000000        1.8323376491903582       -1.9455650890627607      -0.11322743987240247        1.5309975509580909E-013  -4.6851411639181606E-014   5.8619775700208265E-014
   950.00000000000000        1.8223707446516264       -1.9331898754934445      -0.11081913084181805       -2.9498625764290409E-013  -9.2148511043887993E-015   4.5519144009631418E-014
   1000.0000000000000        1.8254692844841522       -1.9346411444070879      -0.10917185992293565        1.8474111129762605E-013   1.0680345496894006E-013   1.1485257189747244E-013
   1050.0000000000000        1.7858937778258777       -1.8938334048952119      -0.10793962706933424       -1.3344880755994382E-013   2.2204460492503131E-015   4.3076653355456074E-014
   1100.0000000000000        1.8148122966284155       -1.9228531526511179      -0.10804085602270241       -2.4868995751603507E-014   7.1054273576010019E-014   4.4964032497318840E-014
   1150.0000000000000        1.8145499271813648       -1.9245898858126067      -0.11003995863124194       -4.1300296516055823E-014   3.5971225997855072E-014   1.4299672557172016E-013
   1200.0000000000000        1.8406411313363462       -1.9506136801404343      -0.10997254880408813       -1.7763568394002505E-013  -1.9539925233402755E-014   4.1744385725905886E-014
   1250.0000000000000        1.8208412599357671       -1.9291473587361718      -0.10830609880040476       -3.0775382242609339E-013  -4.7517545453956700E-014   5.8175686490358203E-014
   1300.0000000000000        1.8030174137721933       -1.9089916466117862      -0.10597423283959295       -1.9828583219805296E-013  -4.9737991503207013E-014   8.4265927569049381E-014
   1350.0000000000000        1.8106886974232892       -1.9167714199061718      -0.10608272248288264       -2.0083934515469082E-013   1.1546319456101628E-014   7.9491968563161208E-014
   1400.0000000000000        1.8117088349890607       -1.9194578435159448      -0.10774900852688418       -1.1035616864774056E-013  -1.3988810110276972E-014   2.7311486405778851E-014
   1450.0000000000000        1.8174768291096957       -1.9268027674396029      -0.10932593832990722       -6.4837024638109142E-014  -2.3803181647963356E-013   3.1086244689504383E-014
   1500.0000000000000        1.8130433785606357       -1.9215776340414470      -0.10853425548081130       -1.3478107518949400E-013  -1.2967404927621828E-013  -1.9095836023552692E-014
   1550.0000000000000        1.7946474189959667       -1.9023999568714987      -0.10775253787553196       -2.2470914018413168E-013  -3.4638958368304884E-014   4.7961634663806763E-014
   1600.0000000000000        1.8122662675979142       -1.9198482162447981      -0.10758194864688386       -2.7022828419376310E-013  -6.3060667798708891E-014   3.8635761256955448E-014
   1650.0000000000000        1.8062214968873700       -1.9129770445323122      -0.10675554764494222       -2.4535928844215960E-013  -6.7501559897209518E-014   4.1078251911130792E-014
   1700.0000000000000        1.7867616773767792       -1.8922536288694602      -0.10549195149268109       -2.6911806116913795E-013  -1.4321877017664519E-013   1.0880185641326534E-014
   1750.0000000000000        1.8056082076120485       -1.9108716109347910      -0.10526340332274242       -2.3514523661560816E-013  -7.3274719625260332E-014   2.4202861936828413E-014
   1800.0000000000000        1.7714867685194440       -1.8768156814304771      -0.10532891291103308       -3.0442315335221792E-013  -9.8143715376863838E-014   2.2204460492503131E-014
   1850.0000000000000        1.7914894108942283       -1.8958412085539458      -0.10435179765971747       -2.8199664825478976E-013  -4.2077452633293433E-014  -3.8302694349567901E-014
   1900.0000000000000        1.8071340783911563       -1.9124082835005476      -0.10527420510939134       -3.8280489889075398E-013  -1.0225154056797692E-013   6.4268035337988749E-014
   1950.0000000000000        1.7712329045342077       -1.8769523249242825      -0.10571942039007487       -2.5757174171303632E-013  -1.1513012765362873E-013   1.8485213360008856E-014
   2000.0000000000000        1.7962842365104084       -1.9023202438116458      -0.10603600730123741       -3.1996627569697011E-013  -1.0391687510491465E-013  -2.2870594307278225E-014
   2050.0000000000000        1.8046523172107074       -1.9128914077624233      -0.10823909055171588       -1.9984014443252818E-013  -7.0832228971084987E-014   1.0669243266647754E-013
   2100.0000000000000        1.8232468216214068       -1.9325571466843241      -0.10931032506291727       -3.2618352463487099E-013  -1.9118040484045196E-013   3.1086244689504383E-014
   2150.0000000000000        1.7974815772371413       -1.9064737969703818      -0.10899221973324047       -3.8724579098925460E-013  -1.7585932710062480E-013   1.7541523789077473E-014
   2200.0000000000000        1.7955709922995735       -1.9043465702095199      -0.10877557790994641       -3.0109248427834245E-013  -1.0058620603103918E-013   6.0951244051921094E-014
   2250.0000000000000        1.8227804374693501       -1.9308527430008453      -0.10807230553149516       -2.3714363805993344E-013  -1.2601031329495527E-013   3.2075037070811163E-015
   2300.0000000000000        1.8022281612510622       -1.9103155586976437      -0.10808739744658147       -2.1627144519698049E-013  -4.7739590058881731E-014   2.7824964554667986E-014
   2350.0000000000000        1.8220172179382774       -1.9305156013822857      -0.10849838344400831       -2.3470114740575809E-013  -9.1704421834037930E-014   1.3633538742396922E-013
   2400.0000000000000        1.8265706460238553       -1.9339988660342955      -0.10742822001044017       -2.7333690866271354E-013  -9.4591001698063337E-014   5.9341420666214617E-014
   2450.0000000000000        1.7893903029939195       -1.8943810614057059      -0.10499075841178640       -3.0553337637684308E-013  -1.7053025658242404E-013   6.5281113847959205E-014
   2500.0000000000000        1.7883957372627046       -1.8915627863799569      -0.10316704911725227       -2.6700863742235015E-013  -1.7852386235972517E-013   1.6453505224944820E-013
   2550.0000000000000        1.7909269969441788       -1.8954513090182348      -0.10452431207405599       -2.5546231796624852E-013  -1.0957901253050295E-013   1.5343282200319663E-013
   2600.0000000000000        1.8126568746864091       -1.9171498718824345      -0.10449299719602534       -2.6345592374354965E-013  -1.0469403122215226E-013   2.2204460492503131E-014
   2650.0000000000000        1.8082336107420136       -1.9146450720587112      -0.10641146131669754       -2.8749225222668429E-013   6.6613381477509392E-015   7.1276318180935050E-014
   2700.0000000000000        1.8201123247715021       -1.9263972647306167      -0.10628493995911459       -2.6811886044697530E-013   3.4972025275692431E-015   1.0547118733938987E-013
   2750.0000000000000        1.8094623600115765       -1.9136239762165759      -0.10416161620499942       -3.1274982603690660E-013  -2.3120394487818885E-014   1.0355605262191148E-013
   2800.0000000000000        1.7947564924082442       -1.8979481588076521      -0.10319166639940791       -2.8566038423605278E-013  -1.3590517600192698E-013   1.4011014570769476E-013
   2850.0000000000000        1.7890738879137618       -1.8951093097461353      -0.10603542183237358       -2.7311486405778851E-013  -1.1102230246251565E-013   1.7330581414398694E-013
   2900.0000000000000        1.8169778435174875       -1.9224486022755563      -0.10547075875806877       -2.7799984536613920E-013  -5.2180482157382357E-014   1.1701750679549150E-013
   2950.0000000000000        1.7856142250908702       -1.8901566911256908      -0.10454246603482065       -2.6589841439772499E-013  -8.0824236192711396E-014   1.7597034940308731E-013
   3000.0000000000000        1.7931147511941301       -1.8998411174574739      -0.10672636626334375       -2.5368596112684827E-013  -1.3100631690576847E-013  -4.2188474935755949E-015
   3050.0000000000000        1.7971863501800587       -1.9055221862828560      -0.10833583610279729       -3.1041835768519377E-013  -1.2190248810384219E-013   2.1205259770340490E-014
   3100.0000000000000        1.8260758918825082       -1.9362832147779374      -0.11020732289542923       -2.9221070008134120E-013  -2.1724982923743141E-013   1.5859535906770361E-013
   3150.0000000000000        1.8049233801999873       -1.9154188473830911      -0.11049546718310377       -2.7733371155136410E-013  -2.0408674750171940E-013   5.4622972811557702E-014
   3200.0000000000000        1.7936947287899827       -1.9041132880327625      -0.11041855924277977       -2.5912605394751154E-013  -2.5923707624997405E-013  -3.2862601528904634E-014
   3250.0000000000000        1.7983440901304988       -1.9087459932706765      -0.11040190314017773       -1.9095836023552692E-013  -1.9018120411828932E-013   1.7263968032921184E-014
   3300.0000000000000        1.7822285093991777       -1.8893005743040958      -0.10707206490491816       -2.8022029141538951E-013  -1.7585932710062480E-013   4.1910919179599659E-014
   3350.0000000000000        1.7930050342515564       -1.8987102439379411      -0.10570520968638464       -2.7489122089718876E-013  -1.8407497748285095E-013   5.1070259132757201E-014
   3400.0000000000000        1.7587122939778701       -1.8626610259132137      -0.10394873193534360       -2.8532731732866523E-013  -1.9628743075372768E-013   1.4055423491754482E-013
   3450.0000000000000        1.7739382000171655       -1.8772547338010563      -0.10331653378389083       -3.3884006711559778E-013  -3.5582647939236267E-014   1.1673995103933521E-013
   3500.0000000000000        1.7930251223576827       -1.8994066477633216      -0.10638152540563883       -2.8654856265575290E-013  -5.1514348342607263E-014   3.8746783559417963E-014
   3550.0000000000000        1.8268372818099183       -1.9380510312314203      -0.11121374942150197       -3.4505731605349865E-013  -1.0169642905566434E-013   1.3511414209688155E-013
   3600.0000000000000        1.8188319587975279       -1.9293806260409661      -0.11054866724343815       -3.0120350658080497E-013  -5.3679283240626319E-014   1.3677947663381929E-013
   3650.0000000000000        1.7822881181412205       -1.8905022560997566      -0.10821413795853618       -3.1230573682705653E-013  -1.2256862191861728E-013   1.5143442055887135E-013
   3700.0000000000000        1.7915829574270761       -1.8980520764628694      -0.10646911903579337       -3.8707925753556083E-013  -1.0322298571452393E-013   1.2745360322696797E-013
   3750.0000000000000        1.8110315650842008       -1.9182473143618042      -0.10721574927760336       -2.6934010577406298E-013  -3.4430791551187667E-014   1.0702549957386509E-013
   3800.0000000000000        1.7931508222360504       -1.9036508740119868      -0.11050005177593647       -3.4150460237469815E-013  -4.4297898682543746E-014   1.2861933740282439E-013
   3850.0000000000000        1.7981714122120092       -1.9080813490084318      -0.10990993679642269       -3.1707969583294471E-013  -7.2608585810485238E-014   1.4216405830325130E-013
   3900.0000000000000        1.8169191160661926       -1.9263093615764180      -0.10939024551022536       -2.8488322811881517E-013  -7.4940054162198066E-014   6.0285110237146000E-014
   3950.0000000000000        1.8231362472508241       -1.9315455064500668      -0.10840925919924271       -3.7225778015681499E-013  -4.2188474935755949E-015   1.2828627049543684E-013
   4000.0000000000000        1.7913167571657296       -1.8988557662205465      -0.10753900905481695       -3.3056890558214036E-013   7.9714013168086240E-014   1.3569700918480976E-013
   4050.0000000000000        1.7929202422254293       -1.8978310677281984      -0.10491082550276909       -4.3354209111612363E-013   1.0214051826551440E-014   2.0283774659901610E-013
   4100.0000000000000        1.7696383901759014       -1.8723727350100432      -0.10273434483414179       -3.8924419243357988E-013  -1.9761969838327786E-014   2.1553592244316633E-013
   4150.0000000000000        1.7967090268188948       -1.8985556762631157      -0.10184664944422095       -3.8546943414985435E-013   1.9761969838327786E-014   1.4493961586481419E-013
   4200.0000000000000        1.7945695740342993       -1.8987779297466472      -0.10420835571234788       -3.8197223162228511E-013   1.0935696792557792E-013   1.6626977572542501E-013
   4250.0000000000000        1.8120756063452665       -1.9187942358789527      -0.10671862953368616       -3.0769831127486214E-013   4.7739590058881731E-015   2.3181456754173269E-013
   4300.0000000000000        1.8039033233124739       -1.9110261819785079      -0.10712285866603399       -3.1230573682705653E-013  -2.8310687127941492E-014   1.6608936448392342E-013
   4350.0000000000000        1.8032680803343155       -1.9101587666504032      -0.10689068631608767       -3.6526337510167650E-013  -7.1609385088322597E-014   8.3544282603043030E-014
   4400.0000000000000        1.8028969004272222       -1.9112334088664482      -0.10833650843922604       -3.8380409961291662E-013  -2.5535129566378600E-014  -9.4368957093138306E-015
   4450.0000000000000        1.8240351163469377       -1.9347981199464190      -0.11076300359948132       -3.5527136788005009E-013   7.7715611723760958E-015   1.7763568394002505E-013
   4500.0000000000000        1.8429950744259149       -1.9558977745195303      -0.11290270009361536       -3.9346303992715548E-013  -6.7945649107059580E-014   1.3966605649784469E-013
   4550.0000000000000        1.8306203029392389       -1.9422885959520115      -0.11166829301277259       -4.0745185003743245E-013  -4.3076653355456074E-014   1.5298873279334657E-013
   4600.0000000000000        1.8194748617713699       -1.9293478249520088      -0.10987296318063899       -4.1611158962950867E-013  -1.0047518372857667E-013   1.2523315717771766E-013
   4650.0000000000000        1.8115313797775949       -1.9226038516025192      -0.11107247182492430       -4.8711035205428743E-013   5.9952043329758453E-014   9.0816243414337805E-014
   4700.0000000000000        1.8221653543870189       -1.9317115529477724      -0.10954619856075354       -4.2232883856740955E-013   4.6407322429331543E-014   6.6169292267659330E-014
   4750.0000000000000        1.8094497979735251       -1.9199593123880772      -0.11050951441455203       -3.9479530755670567E-013  -7.2275518903097691E-014   1.0813572259849025E-013
   4800.0000000000000        1.8179109378379559       -1.9295310269579176      -0.11162008911996169       -3.3217872896784684E-013  -6.5725203057809267E-014   5.8619775700208265E-014
   4850.0000000000000        1.8131630516492176       -1.9233362342529576      -0.11017318260373998       -4.3298697960381105E-013  -1.1834977442504169E-013   1.0871858968641845E-013
   4900.0000000000000        1.8037040567061888       -1.9098661787117202      -0.10616212200553132       -3.8247183198336643E-013  -4.3964831775156199E-014   9.0955021292415950E-014
   4950.0000000000000        1.8003763640024875       -1.9062484834614488      -0.10587211945896136       -4.2321701698710967E-013  -3.5915714846623814E-014   5.3401727484470030E-014
   5000.0000000000000        1.8211789798467992       -1.9297404156835212      -0.10856143583672195       -4.2277292777725961E-013  -1.9428902930940239E-014   5.9063864910058328E-014
   5050.0000000000000        1.8335814943543756       -1.9435626472152001      -0.10998115286082455       -4.3276493499888602E-013  -2.4868995751603507E-014   5.7620574978045624E-014
   5100.0000000000000        1.8230040247229351       -1.9350135191176745      -0.11200949439473940       -3.9021563758012690E-013  -5.8619775700208265E-014   1.8718360195180139E-013
   5150.0000000000000        1.8232362431932445       -1.9339439932278479      -0.11070775003460342       -3.8286041004198523E-013  -1.0658141036401503E-013   6.7279515292284486E-014
   5200.0000000000000        1.8271734014174295       -1.9370186544882366      -0.10984525307080717       -3.6859404417555197E-013  -5.1514348342607263E-014   1.0924594562311540E-013
   5250.0000000000000        1.8285057154947668       -1.9380605654379630      -0.10955484994319620       -2.8299584897695240E-013  -1.8873791418627661E-014   1.1968204205459188E-013
   5300.0000000000000        1.7987723030299565       -1.9058596385797439      -0.10708733554978744       -3.8269387658829146E-013  -6.9499961341534799E-014   2.2049029269055609E-013
   5350.0000000000000        1.8235217448385401       -1.9293624738359105      -0.10584072899737040       -4.1366909897533333E-013  -1.2101430968414206E-014   1.8379742172669467E-013
   5400.0000000000000        1.8020824514641984       -1.9089117610821613      -0.10682930961796289       -3.8768988019910466E-013  -7.6716411001598317E-014   2.1958129758914424E-013
   5450.0000000000000        1.7868075518183268       -1.8920020670389861      -0.10519451522065926       -3.6637359812630166E-013   2.9864999362416711E-014   2.2026824808563106E-013
   5500.0000000000000        1.7941448507289808       -1.8991745056750047      -0.10502965494602390       -4.0856207306205761E-013  -4.9280024505549136E-014   2.1627144519698049E-013
   5550.0000000000000        1.8021588373675583       -1.9071450820449356      -0.10498624467737727       -4.3320902420873608E-013   4.5685677463325192E-014   3.0075941737095491E-013
   5600.0000000000000        1.7849667736610251       -1.8902099465435838      -0.10524317288255869       -5.1292303737682232E-013   5.3068660577082483E-014   4.3670622673630533E-013
   5650.0000000000000        1.7923425735441014       -1.8969011640778792      -0.10455859053377781       -5.1114668053742207E-013  -1.5765166949677223E-014   1.8729462425426391E-013
   5700.0000000000000        1.7739729575605105       -1.8799677961214125      -0.10599483856090197       -4.5086157030027607E-013  -6.9055872131684737E-014   2.3414603589344551E-013
   5750.0000000000000        1.8009065117497491       -1.9102585203591824      -0.10935200860943328       -5.9141580521782089E-013  -1.4269835313385215E-014   2.4202861936828413E-013
   5800.0000000000000        1.8153147864866761       -1.9261584144631394      -0.11084362797646330       -4.6351811278100286E-013   7.1942451995710144E-014   1.5600368219459426E-013
   5850.0000000000000        1.8201998932288350       -1.9313288984320502      -0.11112900520321523       -4.0063785622379555E-013   2.0594637106796654E-014   2.1282975382064251E-013
   5900.0000000000000        1.8368901296101594       -1.9481898536138174      -0.11129972400365795       -4.7339909770016675E-013   4.9960036108132044E-014   2.8105295868385838E-013
   5950.0000000000000        1.8117848763745585       -1.9231112132460328      -0.11132633687147431       -4.6301851241992154E-013   4.7517545453956700E-014   2.7433610938487618E-013
   6000.0000000000000        1.8141817643871758       -1.9251404279175395      -0.11095866353036365       -3.3639757646142243E-013  -3.9634961979118088E-014   2.0605739337042905E-013
   6050.0000000000000        1.8263805984664641       -1.9377720756392576      -0.11139147717279352       -3.6526337510167650E-013   1.1679546219056647E-013   2.4691360067663481E-013
   6100.0000000000000        1.8070969761616360       -1.9180939740009271      -0.11099699783929107       -4.2171821590386571E-013   5.1902926401226068E-014   1.7230661342182430E-013
   6150.0000000000000        1.8254660335662030       -1.9373041222719345      -0.11183808870573153       -4.3631764867768652E-013   7.7479689331028112E-014   2.6512125828048738E-013
   6200.0000000000000        1.8333859717033383       -1.9455487067965118      -0.11216273509317354       -3.6548541970660153E-013   3.8857805861880479E-014   1.4011014570769476E-013
   6250.0000000000000        1.8027302194541661       -1.9129627356763239      -0.11023251622215779       -3.6559644200906405E-013   1.6808776592824870E-013   2.2148949341271873E-013
   6300.0000000000000        1.7977512695710181       -1.9051275631798561      -0.10737629360883805       -3.9979131116751887E-013   2.1482815526496779E-014   1.8374191057546341E-013
   6350.0000000000000        1.8109062111315222       -1.9175607171603561      -0.10665450602883397       -3.4448138785947435E-013  -1.9595436384634013E-014   2.1382895454280515E-013
   6400.0000000000000        1.7962733483681284       -1.9024828639325884      -0.10620951556446001       -4.1722181265413383E-013   4.8738790781044372E-014   1.6851797735029095E-013
   6450.0000000000000        1.7918265327789160       -1.8984680764683490      -0.10664154368943302       -3.3395508580724709E-013   9.0871754565569063E-014   2.1976864772454974E-013
   6500.0000000000000        1.7971037776033334       -1.9053937069505773      -0.10828992934724391       -4.0101255649460654E-013   2.3592239273284576E-014   1.9104162696237381E-013
   6550.0000000000000        1.7940142761878566       -1.9011859133040439      -0.10717163711618727       -5.6277205118249185E-013   6.6502359175046877E-014   2.2049029269055609E-013
   6600.0000000000000        1.7975961396797033       -1.9026512115107626      -0.10505507183105922       -4.2110759324032188E-013   1.5831780331154732E-013   4.4964032497318840E-014
   6650.0000000000000        1.7988374718748081       -1.9043555071929370      -0.10551803531812887       -5.0802417828066382E-013   5.2458037913538647E-014   6.8833827526759706E-014
   6700.0000000000000        1.7794645391179893       -1.8843645559645823      -0.10490001684659300       -4.7617465526172964E-013   6.4392935428259079E-014   3.9745984281580604E-014
   6750.0000000000000        1.7909857498386652       -1.8964468303597668      -0.10546108052110159       -4.7672976677404222E-013  -4.1300296516055823E-014   1.3322676295501878E-015
   6800.0000000000000        1.7799189987032678       -1.8863038300108428      -0.10638483130757503       -6.1084470814876113E-013   7.1997963146941402E-014   1.7652546091539989E-014
   6850.0000000000000        1.7851313535619935       -1.8912841843904444      -0.10615283082845095       -5.0248694094534585E-013  -1.0158540675320182E-013   4.9585335837321054E-014
   6900.0000000000000        1.8106666415776533       -1.9165602293547743      -0.10589358777712099       -3.9257486150745535E-013   1.8052226380405045E-013   4.7795101210112989E-014
   6950.0000000000000        1.8050382913155063       -1.9111621374560415      -0.10612384614053516       -4.1239234249701440E-013   1.8211127050804521E-014  -6.1367577686155528E-014
   7000.0000000000000        1.8005191547859747       -1.9069166910332129      -0.10639753624723824       -4.2188474935755949E-013   4.0412118096355698E-014   5.1292303737682232E-014
   7050.0000000000000        1.7865841295948874       -1.8923664360959507      -0.10578230650106324       -4.7301051964154794E-013   2.2204460492503131E-015  -3.2862601528904634E-014
   7100.0000000000000        1.8004345899583891       -1.9042953468525023      -0.10386075689411323       -4.0933922917929522E-013   1.0302869668521453E-013  -4.9347678721112231E-014
   7150.0000000000000        1.8061193901769266       -1.9110388821091804      -0.10491949193225381       -4.0445424787094453E-013   3.1086244689504383E-015  -1.1324274851176597E-014
   7200.0000000000000        1.7904254130376545       -1.8956760418573386      -0.10525062881968417       -4.4503289942099400E-013   2.3217539002473586E-014   2.0539125955565396E-014
   7250.0000000000000        1.8116064859950369       -1.9173535817626812      -0.10574709576764429       -6.6274763454998720E-013   1.2220779943561411E-013  -5.7176485768195562E-014
   7300.0000000000000        1.8171328673737508       -1.9247493634610182      -0.10761649608726742       -4.1944225870338414E-013  -5.1070259132757201E-015  -1.0597078770047119E-013
   7350.0000000000000        1.7934874223928186       -1.8998293383994607      -0.10634191600664211       -4.8772097471783127E-013   1.1768364061026659E-014  -5.8841820305133297E-014
   7400.0000000000000        1.7862285086199705       -1.8900545738458521      -0.10382606522588156       -4.8672177399566863E-013   2.8865798640254070E-015  -8.9928064994637680E-014
   7450.0000000000000        1.7939132198045122       -1.8996020132436144      -0.10568879343910220       -3.9845904353796868E-013  -7.9478090775353394E-014  -5.3179682879544998E-014
   7500.0000000000000        1.8202877055643238       -1.9281141583076815      -0.10782645274335767       -4.0900616227190767E-013  -1.5681900222830336E-014  -5.6399329650957952E-014
   7550.0000000000000        1.7996472958572574       -1.9062937680869516      -0.10664647222969426       -4.2332803928957219E-013   4.6407322429331543E-014  -5.5067062021407764E-014
   7600.0000000000000        1.7948596572024542       -1.8997854307623314      -0.10492577355987720       -3.9301895071730542E-013  -1.0935696792557792E-014  -1.7275070263167436E-013
   7650.0000000000000        1.7728109881418879       -1.8770288859921735      -0.10421789785028568       -4.7656323332034844E-013  -3.2196467714129540E-014  -5.8952842607595812E-014
   7700.0000000000000        1.7944223421781693       -1.9014857531966425      -0.10706341101847316       -3.9157566078529271E-013  -5.7176485768195562E-014   3.0198066269804258E-014
   7750.0000000000000        1.8220005313016316       -1.9320841470193642      -0.11008361571773251       -4.8283599340948058E-013  -1.0880185641326534E-014  -6.1839422471621219E-014
   7800.0000000000000        1.8071901064812708       -1.9162509118036659      -0.10906080532239515       -4.3554049256044891E-013   7.6383344094210770E-014  -5.7787108431739398E-014
   7850.0000000000000        1.8078888202913499       -1.9188316877029801      -0.11094286741163017       -3.6104452760810091E-013   7.0166095156309893E-014  -5.0848214527832170E-014
   7900.0000000000000        1.8138676499017032       -1.9243447284753650      -0.11047707857366174       -4.3365311341858614E-013  -1.0214051826551440E-014  -5.7953641885433171E-014
   7950.0000000000000        1.8106741315213273       -1.9203815837127423      -0.10970745219141498       -3.3409386368532523E-013   9.4591001698063337E-014  -1.5087930904655877E-013
   8000.0000000000000        1.8271561309350846       -1.9378834308027026      -0.11072729986761809       -3.9035441545820504E-013   5.0404125317982107E-014  -1.4743761767022079E-013
   8050.0000000000000        1.8084371745378558       -1.9192364707237435      -0.11079929618588769       -3.4783287361506154E-013   7.5939254884360707E-014  -8.2933659939499194E-014
   8100.0000000000000        1.7968624529814219       -1.9057876902528639      -0.10892523727144199       -3.8785641365279844E-013   1.1746159600534156E-013  -1.1735057370287905E-013
   8150.0000000000000        1.7989786077439387       -1.9056427551557551      -0.10666414741181640       -3.3850700020821023E-013   1.4854784069484595E-013  -1.8807178037150152E-013
   8200.0000000000000        1.7937121694132252       -1.8987979873540095      -0.10508581794078431       -3.9668268669856843E-013   6.7390537594747002E-014  -1.5010215292932116E-013
   8250.0000000000000        1.8092995125027234       -1.9147144434220273      -0.10541493091930398       -4.5219383792982626E-013   1.2367884494324244E-013  -8.1101791948867685E-014
   8300.0000000000000        1.8019524498733779       -1.9083189816830046      -0.10636653180962674       -3.7336800318144014E-013   1.1546319456101628E-013  -2.1470325517469746E-013
   8350.0000000000000        1.7905404063305832       -1.8963186224982043      -0.10577821616762106       -3.7131409058588360E-013   8.9706020389712648E-014  -2.2004620348070603E-013
   8400.0000000000000        1.7863659921906188       -1.8901651675741877      -0.10379917538356898       -4.4581005553823161E-013   1.1321499293615034E-013  -2.1049828546892968E-013
   8450.0000000000000        1.8008737002370743       -1.9059397607112665      -0.10506606047419220       -5.4162230256338262E-013   1.3877787807814457E-013  -2.2271073873980640E-013
   8500.0000000000000        1.8124149498680879       -1.9186923568760894      -0.10627740700800148       -3.8555270087670124E-013   1.4993561947562739E-013  -1.4988010832439613E-013
   8550.0000000000000        1.8141062724075090       -1.9220986894329557      -0.10799241702544671       -3.9263037265868661E-013   1.1446399383885364E-013  -2.8865798640254070E-013
   8600.0000000000000        1.8178916991919520       -1.9260276835322154      -0.10813598434026339       -4.1844305798122150E-013   1.9428902930940239E-013  -1.7763568394002505E-013
   8650.0000000000000        1.8029581132470425       -1.9116811049874842      -0.10872299174044175       -3.8113956435381624E-013   1.0591527654923993E-013  -1.8829382497642655E-013
   8700.0000000000000        1.7994741990044667       -1.9062866480975731      -0.10681244909310639       -3.9013237085328001E-013   1.4122036873231991E-013  -2.8932412021731579E-013
   8750.0000000000000        1.7957889346725044       -1.9023545744967516      -0.10656563982424716       -4.1691650132236191E-013   1.5010215292932116E-013  -3.2107649872159527E-013
   8800.0000000000000        1.8062039481994892       -1.9117783242598896      -0.10557437606040043       -4.3276493499888602E-013   1.1768364061026659E-013  -3.1624702856447584E-013
   8850.0000000000000        1.8122586751057486       -1.9169946312267678      -0.10473595612101927       -4.7228887467554159E-013   7.5939254884360707E-014  -2.8244073746463982E-013
   8900.0000000000000        1.8155383754142409       -1.9192087922800203      -0.10367041686577938       -5.4889426337467739E-013   6.1117777505614868E-014  -2.3869795029440866E-013
   8950.0000000000000        1.8090669138667044       -1.9127204767937800      -0.10365356292707562       -4.3554049256044891E-013   4.4186876380081230E-014  -2.6766783234322133E-013
   9000.0000000000000        1.7922413879712236       -1.8968665102246896      -0.10462512225346599       -4.3198777888164841E-013   3.4104663537704027E-014  -2.6934010577406298E-013
   9050.0000000000000        1.7765534725568810       -1.8821969000284606      -0.10564342747157962       -4.7861714591590498E-013   7.8381745538536052E-014  -2.1471713296250527E-013
   9100.0000000000000        1.8013934474362556       -1.9078554080838093      -0.10646196064755364       -4.9038550997693164E-013   2.7533531010703882E-014  -2.3714363805993344E-013
   9150.0000000000000        1.8264723341471880       -1.9355707464900382      -0.10909841234285023       -5.0781601146354660E-013   2.2426505097428162E-014  -3.3262281817769690E-013
   9200.0000000000000        1.8136737100945974       -1.9243949218513683      -0.11072121175677085       -3.6182168372533852E-013  -8.8817841970012523E-015  -2.7500224319965128E-013
   9250.0000000000000        1.8040819097551966       -1.9140709462723664      -0.10998903651716985       -4.3920422854171193E-013   9.1593399531575415E-015  -2.7267077484793845E-013
   9300.0000000000000        1.7978259960972314       -1.9062831216983300      -0.10845712560109866       -4.5474735088646412E-013   1.2473355681663634E-013  -2.3392399128852048E-013
   9350.0000000000000        1.8171315926308369       -1.9233860114363113      -0.10625441880547437       -3.4416913763379853E-013   5.9952043329758453E-015  -2.3780977187470853E-013
   9400.0000000000000        1.8071426419618062       -1.9112594476184994      -0.10411680565669323       -3.9335201762469296E-013   8.6042284408449632E-015  -2.5768276401549883E-013
   9450.0000000000000        1.7978589744496627       -1.9037698044164328      -0.10591082996677015       -4.2021941482062175E-013   8.8817841970012523E-016  -2.7688962234151404E-013
   9500.0000000000000        1.8132679967161254       -1.9181047604545842      -0.10483676373845885       -3.7425618160114027E-013  -1.5265566588595902E-014  -3.0747626666993710E-013
   9550.0000000000000        1.8142289122387778       -1.9179183153159534      -0.10368940307717556       -3.8885561437496108E-013  -3.2945868255751520E-014  -3.9804270990373425E-013
   9600.0000000000000        1.7957464809848875       -1.8977362004581531      -0.10198971947326552       -3.3267832932892816E-013  -5.2624571367232420E-014  -2.8693714071437171E-013
   9650.0000000000000        1.7981991371781909       -1.9000735887028075      -0.10187445152461660       -5.5033755330669010E-013   5.4400928206632670E-015  -4.0745185003743245E-013
   9700.0000000000000        1.8000524528090844       -1.9032544868938948      -0.10320203408481032       -4.0056846728475648E-013  -5.3401727484470030E-014  -2.3669954885008337E-013
   9750.0000000000000        1.8171760578278595       -1.9238876765073534      -0.10671161867949386       -5.0004445029117051E-013   2.4091839634365897E-014  -3.1473434969342406E-013
   9800.0000000000000        1.8049445869330347       -1.9113345483701571      -0.10638996143712243       -4.2743586448068527E-013  -3.7747582837255322E-014  -3.8502534494000429E-013
   9850.0000000000000        1.8151283658040080       -1.9210580983617538      -0.10592973255774574       -3.5249581031848720E-013  -6.5947247662734299E-014  -3.2329694477084558E-013
   9900.0000000000000        1.8122179737071942       -1.9190522541046235      -0.10683428039742937       -4.9910076072023912E-013  -9.7255536957163713E-014  -3.5771385853422544E-013
   9950.0000000000000        1.7826090850802905       -1.8876365921324985      -0.10502750705220798       -3.4664111858706548E-013  -6.8833827526759706E-015  -3.8391512191537913E-013
   10000.000000000000        1.7931536240661463       -1.8965136807913865      -0.10336005672524018       -4.7617465526172964E-013   4.1640302317347277E-014  -2.8421709430404007E-013
   10050.000000000000        1.8025467954229633       -1.9059904417770888      -0.10344364635412551       -3.1397107136399427E-013   2.1316282072803006E-014  -4.1666670114182125E-013
   10100.000000000000        1.8014741782448549       -1.9084002413436307      -0.10692606309877584       -4.1189274213593308E-013  -3.1752378504279477E-014  -3.4761082901013651E-013
   10150.000000000000        1.8287103424794848       -1.9383096934434860      -0.10959935096400120       -3.6726177654600178E-013  -7.4051875742497941E-014  -3.7125857943465235E-013
   10200.000000000000        1.8319906224525668       -1.9440505511975290      -0.11205992874496218       -3.1086244689504383E-013  -3.4638958368304884E-014  -3.6010083803716952E-013
   10250.000000000000        1.8217987366469390       -1.9335510093509141      -0.11175227270397503       -3.7592151613807800E-013  -4.2854608750531042E-014  -3.1380453791030050E-013
   10300.000000000000        1.8241174412333165       -1.9345108319849782      -0.11039339075166166       -3.2118752102405779E-013  -7.5051076464660582E-014  -3.9168668308775523E-013
   10350.000000000000        1.8139322528237949       -1.9232430919476626      -0.10931083912386774       -2.8332891588433995E-013  -7.8381745538536052E-014  -3.9745984281580604E-013
   10400.000000000000        1.8288120381417157       -1.9377993646148342      -0.10898732647311848       -3.0009328355617981E-013  -1.2434497875801753E-013  -4.3542947025798640E-013
   10450.000000000000        1.8309011032510296       -1.9426690548355041      -0.11176795158447450       -2.9642954757491680E-013  -1.1191048088221578E-013  -3.7042591216618348E-013
   10500.000000000000        1.8323784608836724       -1.9435597653114218      -0.11118130442774943       -3.2551739082009590E-013  -1.2001510896197942E-013  -5.1486592766991635E-013
   10550.000000000000        1.8330373537746221       -1.9415067986695207      -0.10846944489489863       -2.2981616609740740E-013  -9.0871754565569063E-014  -4.3920422854171193E-013
   10600.000000000000        1.7871222869312240       -1.8942269998889942      -0.10710471295777024       -3.0020430585864233E-013  -3.5971225997855072E-014  -4.0123460109953157E-013
   10650.000000000000        1.8090551825419396       -1.9178082754305064      -0.10875309288856672       -2.7777780076121417E-013  -1.0130091210314163E-013  -4.8128168117500536E-013
   10700.000000000000        1.8337585755613375       -1.9442943436133910      -0.11053576805205356       -2.8110846983508964E-013  -8.7041485130612273E-014  -3.5230152128917780E-013
   10750.000000000000        1.8025838231828164       -1.9133815792451330      -0.11079775606231657       -3.9257486150745535E-013  -7.0943251273547503E-014  -3.8535841184739184E-013
   10800.000000000000        1.8052566947927353       -1.9153042526461896      -0.11004755785345433       -2.9154456626656611E-013  -1.2501111257279263E-013  -3.5804692544161298E-013
   10850.000000000000        1.8375284087909469       -1.9462429045365519      -0.10871449574560499       -2.9609648066752925E-013   2.9976021664879227E-014  -3.0819791163594346E-013
   10900.000000000000        1.8058840362579727       -1.9151903118487164      -0.10930627559074368       -2.6600943670018751E-013  -6.6613381477509392E-016  -3.4217073618947325E-013
   10950.000000000000        1.8117368172926334       -1.9214018667743811      -0.10966504948174771       -2.6179058920661191E-013  -5.7620574978045624E-014  -3.4849900742983664E-013
   11000.000000000000        1.8266633171272970       -1.9359440176166520      -0.10928070048935501       -3.3018032752352156E-013  -5.6399329650957952E-014  -3.9523939676655573E-013
   11050.000000000000        1.7957563703653101       -1.9055324341140734      -0.10977606374876325       -1.6564527527407336E-013   1.3722356584366935E-013  -2.9409807922320397E-013
   11100.000000000000        1.8106540430055509       -1.9183173513955918      -0.10766330839004090       -2.9576341376014170E-013  -2.4424906541753444E-015  -3.2282509998537989E-013
   11150.000000000000        1.7954848894076980       -1.9008190340597746      -0.10533414465207658       -2.6420532428517163E-013  -3.7747582837255322E-014  -3.0664359940146824E-013
   11200.000000000000        1.7970913162047739       -1.9006016534095336      -0.10351033720475966       -3.5571545708990016E-013  -1.1368683772161603E-013  -3.3995029014022293E-013
   11250.000000000000        1.7859449720215019       -1.8884550755718761      -0.10251010355037415       -3.5926817076870066E-013  -4.7517545453956700E-014  -2.7566837701442637E-013
   11300.000000000000        1.7988937431783645       -1.9031063955222249      -0.10421265234386046       -2.6456614676817480E-013  -7.2608585810485238E-014  -3.1930014188219502E-013
   11350.000000000000        1.8144358217177863       -1.9200670234462796      -0.10563120172849327       -3.0464519795714295E-013  -2.5035529205297280E-014  -3.0331293032759277E-013
   11400.000000000000        1.7849741060126321       -1.8920069465536595      -0.10703284054102746       -2.9437563497936026E-013  -2.4202861936828413E-014  -4.4597658899192538E-013
   11450.000000000000        1.8032943433352060       -1.9085769973851845      -0.10528265404997850       -2.9154456626656611E-013  -4.6074255521943996E-014  -3.2840397068412130E-013
   11500.000000000000        1.7900030873944708       -1.8950418870221262      -0.10503879962765539       -3.2215896617060480E-013  -1.7208456881689926E-013  -4.4775294583132563E-013
   11550.000000000000        1.8072675684150494       -1.9146021804869717      -0.10733461207192230       -2.3436808049837055E-013  -8.1490370007486490E-014  -3.7903014060702844E-013
   11600.000000000000        1.7981177083507867       -1.9059815412882590      -0.10786383293747237       -2.3292479056635784E-013  -6.8278716014447127E-014  -3.4239278079439828E-013
   11650.000000000000        1.8029530465248900       -1.9082726361140676      -0.10531958958917764       -2.2692958623338200E-013  -6.4837024638109142E-014  -3.7081449022480228E-013
   11700.000000000000        1.7952794052654935       -1.9005403926681488      -0.10526098740265533       -2.7156055182331329E-013  -1.0569323194431490E-013  -4.0256686872908176E-013
   11750.000000000000        1.7845387534313606       -1.8899315427995276      -0.10539278936816698       -2.8066438062523957E-013  -1.0258460747536446E-013  -3.7320146972774637E-013
   11800.000000000000        1.8071154729833421       -1.9112383427829567      -0.10412286979961460       -1.3966605649784469E-013  -8.8151708155237429E-014  -4.2776893138807282E-013
   11850.000000000000        1.8031594799731738       -1.9065105890514449      -0.10335110907827105       -1.7608137170554983E-013  -4.5519144009631418E-014  -4.2268966105041272E-013
   11900.000000000000        1.8165047724644423       -1.9213366006844934      -0.10483182822005110       -2.5013324744804777E-013  -4.0634162701280729E-014  -4.6940229481151619E-013
   11950.000000000000        1.8138849085256710       -1.9190918829843331      -0.10520697445866212       -2.4991120284312274E-013   3.4861002973229915E-014  -3.9368508453208051E-013
   12000.000000000000        1.8247403173847427       -1.9294168169359802      -0.10467649955123748       -2.8232971516217731E-013  -1.0413891970983968E-013  -4.6185277824406512E-013
   12050.000000000000        1.7935914926991539       -1.8998800616560434      -0.10628856895688954       -2.2137847111025621E-013  -2.2559731860383181E-013  -3.8169467586612882E-013
   12100.000000000000        1.8259281301723522       -1.9345370449797727      -0.10860891480742052       -2.2737367544323206E-013  -4.6677939291583925E-014  -4.3143266736933583E-013
   12150.000000000000        1.8126102513210449       -1.9249556622169883      -0.11234541089594341       -2.2781776465308212E-013  -2.4202861936828413E-014  -3.8558045645231687E-013
   12200.000000000000        1.8295563750736727       -1.9417699442069747      -0.11221356913330194       -1.7141843500212417E-013  -3.0420110874729289E-014  -4.9316106753849454E-013
   12250.000000000000        1.8240087297947927       -1.9345307493127308      -0.11052201951793816       -1.5670797992584085E-013  -7.0166095156309893E-014  -4.6962433941644122E-013
   12300.000000000000        1.8185211609774996       -1.9280171893308988      -0.10949602835339922       -1.9440005161186491E-013  -1.4210854715202004E-014  -4.2654768606098514E-013
   12350.000000000000        1.7912749545842697       -1.9003042468663083      -0.10902929228203861       -2.1926904736346842E-013   3.5527136788005009E-014  -4.4564352208453784E-013
   12400.000000000000        1.7915476381752222       -1.8995532285287318      -0.10800559035350954       -2.2337687255458150E-013   1.6653345369377348E-015  -4.4142467459096224E-013
   12450.000000000000        1.8021416155550514       -1.9108815226582909      -0.10873990710323955       -3.2573943542502093E-013   1.7874590696465020E-014  -4.7872816821836750E-013
   12500.000000000000        1.8048429777856743       -1.9131388705859365      -0.10829589280026219       -1.9828583219805296E-013   2.9476421303797906E-014  -3.5571545708990016E-013
   12550.000000000000        1.7972377946191991       -1.9044267733912743      -0.10718897877207523       -1.1401990462900358E-013   4.1966430330830917E-014  -4.2188474935755949E-013
   12600.000000000000        1.8235006560099412       -1.9301048247294117      -0.10660416871947054       -4.0256686872908176E-013   4.8655524054197485E-014  -4.5696779693571443E-013
   12650.000000000000        1.7805408212025589       -1.8867866487719112      -0.10624582756935230       -1.5409895581797173E-013   3.5860203695392556E-014  -3.6992631180510216E-013
   12700.000000000000        1.7885033220744955       -1.8950003327936304      -0.10649701071913498       -1.9184653865522705E-013   5.5733195836182858E-014  -4.1433523279010842E-013
   12750.000000000000        1.7984075502294052       -1.9032196470839438      -0.10481209685453852       -2.2315482794965646E-013   6.1617377866696188E-014  -3.9002134855081749E-013
   12800.000000000000        1.8074244146863558       -1.9133629832793901      -0.10593856859303430       -2.1027624086400465E-013   8.7874152399081140E-014  -4.4786396813378815E-013
   12850.000000000000        1.8228969792795688       -1.9327433423065681      -0.10984636302699924       -1.9326901190552803E-013   1.4323264796445301E-013  -4.4597658899192538E-013
   12900.000000000000        1.8405775517514760       -1.9522563624906084      -0.11167881073913244       -2.2404300636935659E-013   6.8500760619372159E-014  -4.2671421951467892E-013
   12950.000000000000        1.8320630756619212       -1.9461879779541631      -0.11412490229224193       -1.9007018181582680E-013   7.9047879353311146E-014  -4.6551651422532814E-013
   13000.000000000000        1.8273565888347243       -1.9400090246833812      -0.11265243584865692       -2.0946439027724750E-013   4.8815118613987352E-014  -4.7895021282329253E-013
   13050.000000000000        1.8150389886807134       -1.9250172637779737      -0.10997827509726021       -3.1175062531474396E-013   4.6851411639181606E-014  -4.2199577166002200E-013
   13100.000000000000        1.8140737769919206       -1.9219332398907596      -0.10785946289883896       -2.3914203950425872E-013   3.5083047578154947E-014  -4.3506864777498322E-013
   13150.000000000000        1.8147968334713054       -1.9204525818656535      -0.10565574839434810       -2.8999025403209089E-013  -2.3869795029440866E-015  -3.8202774277351637E-013
   13200.000000000000        1.8121117796542734       -1.9192655557444231      -0.10715377609014975       -2.7935986857130501E-013   7.3455130866761920E-014  -4.5086157030027607E-013
   13250.000000000000        1.7891049900522982       -1.8971616549747459      -0.10805666492244770       -1.9939605522267811E-013   4.2188474935755949E-014  -3.8502534494000429E-013
   13300.000000000000        1.8119471814421781       -1.9182276799364741      -0.10628049849429599       -1.8962609260597674E-013   1.0658141036401503E-013  -3.9168668308775523E-013
   13350.000000000000        1.7872344959610078       -1.8920752980897135      -0.10484080212870572       -2.1416202145019270E-013   3.9968028886505635E-014  -4.0967229608668276E-013
   13400.000000000000        1.7769773194730381       -1.8811852056011222      -0.10420788612808418       -1.9244328353096307E-013   1.1268763699945339E-013  -3.2041036490682018E-013
   13450.000000000000        1.7850533682691547       -1.8902987171007490      -0.10524534883159431       -2.3685914340987324E-013   8.3821838359199319E-014  -4.6895820560166612E-013
   13500.000000000000        1.8202164530294105       -1.9297294362716022      -0.10951298324219172       -2.1357915436226449E-013   1.8529622280993863E-013  -3.8263836543706020E-013
   13550.000000000000        1.8241192640536106       -1.9364353709718878      -0.11231610691827720       -2.5190960428744802E-013   7.9714013168086240E-014  -5.2546855755508659E-013
   13600.000000000000        1.7999641095464229       -1.9108125561122453      -0.11084844656582238       -1.9806378759312793E-013   1.1546319456101628E-014  -4.8402948316095262E-013
   13650.000000000000        1.8119093420403485       -1.9201459061935064      -0.10823656415315797       -2.9976021664879227E-013   2.4757973449140991E-014  -4.6398995756646855E-013
   13700.000000000000        1.8123122144953119       -1.9212650021706730      -0.10895278767536110       -2.1449508835758024E-013  -9.1038288019262836E-015  -4.3554049256044891E-013
   13750.000000000000        1.8101206747232936       -1.9196941142489421      -0.10957343952564846       -1.7630341631047486E-013   5.5511151231257827E-014  -4.4653170050423796E-013
   13800.000000000000        1.7990678033507794       -1.9083081930635057      -0.10924038971272632       -2.1582735598713043E-013   4.9960036108132044E-014  -3.7991831902672857E-013
   13850.000000000000        1.8042765393918485       -1.9140240470892722      -0.10974750769742370       -2.9667934775545746E-013  -4.4186876380081230E-014  -4.2332803928957219E-013
   13900.000000000000        1.7998138255935379       -1.9086534365772760      -0.10883961098373818       -2.5125040936657683E-013  -1.1083148288015821E-013  -4.5030645878796349E-013
   13950.000000000000        1.7923485221339754       -1.9018231875809040      -0.10947466544692852       -2.9289071168392411E-013  -6.3282712403633923E-014  -4.4253489761558740E-013
   14000.000000000000        1.8292646523603477       -1.9389149091262503      -0.10965025676590257       -3.2124303217528904E-013  -5.3901327845551350E-014  -5.2868820432649954E-013
   14050.000000000000        1.8318519388409524       -1.9418226606197293      -0.10997072177877687       -3.5366154449434362E-013  -7.6771922152829575E-014  -4.6807002718196600E-013
   14100.000000000000        1.8174975967965932       -1.9293639478476752      -0.11186635105108200       -3.0131452888326749E-013  -1.4233059175694507E-013  -5.3157478419052495E-013
   14150.000000000000        1.8140381377501249       -1.9274446786555652      -0.11340654090544033       -2.8171909249863347E-013  -1.5493162308644060E-013  -4.5463632858400160E-013
   14200.000000000000        1.8188816729460957       -1.9328431167198459      -0.11396144377375017       -1.9406698470447736E-013  -1.2548295735825832E-013  -4.7067905128983512E-013
   14250.000000000000        1.8004372932536996       -1.9144908180988707      -0.11405352484517106       -3.7558844923069046E-013  -9.1954222014578590E-014  -4.8107351435788814E-013
   14300.000000000000        1.8044192439613476       -1.9171634944959313      -0.11274425053458370       -2.8022029141538951E-013  -1.4213630272763567E-013  -4.6013193255589613E-013
   14350.000000000000        1.7960168771110565       -1.9072308043277630      -0.11121392721670653       -2.9709568138969189E-013  -1.0938472350119355E-013  -4.0245584642661925E-013
   14400.000000000000        1.8051178325624913       -1.9133252971088088      -0.10820746454631758       -3.0953017926549364E-013  -1.7319479184152442E-014  -5.0792703376600912E-013
   14450.000000000000        1.7825584686214866       -1.8897535493144015      -0.10719508069291495       -3.2285285556099552E-013   1.5543122344752192E-014  -5.0248694094534585E-013
   14500.000000000000        1.7986468191366678       -1.9079322528797620      -0.10928543374309418       -2.4580337765200966E-013  -5.8397731095283234E-014  -4.7095660704599140E-013
   14550.000000000000        1.8180399376351597       -1.9295154743658958      -0.11147553673073607       -2.4580337765200966E-013   1.2767564783189300E-014  -5.4978244179437752E-013
   14600.000000000000        1.8074267814991498       -1.9193799949696857      -0.11195321347053588       -2.4213964167074664E-013  -2.4757973449140991E-014  -4.3676173788753658E-013
   14650.000000000000        1.8156815629570202       -1.9264889792621911      -0.11080741630517088       -2.7755575615628914E-013  -3.4638958368304884E-014  -4.5519144009631418E-013
   14700.000000000000        1.8090957321038015       -1.9182200968893599      -0.10912436478555843       -3.9934722195766881E-013  -3.5860203695392556E-014  -4.6185277824406512E-013
   14750.000000000000        1.8085542880380487       -1.9160374620112437      -0.10748317397319496       -3.5815794774407550E-013  -4.4408920985006262E-014  -4.3964831775156199E-013
   14800.000000000000        1.7821589298555902       -1.8915119724647620      -0.10935304260917178       -3.4927616354707425E-013  -3.9857006584043120E-014  -5.2208237732997986E-013
   14850.000000000000        1.8192770465998891       -1.9290782266393036      -0.10980118003941453       -2.1849189124623081E-013  -7.9047879353311146E-014  -4.1822101337629647E-013
   14900.000000000000        1.8106707914331392       -1.9194782219972819      -0.10880743056414266       -2.2470914018413168E-013  -4.6018744370712739E-014  -4.6773696027457845E-013
   14950.000000000000        1.8156495787120102       -1.9256873305384685      -0.11003775182645836       -3.0797586703101842E-013  -6.1617377866696188E-014  -5.1092463593249704E-013
   15000.000000000000        1.8246566620006996       -1.9345458764680339      -0.10988921446733424       -2.2781776465308212E-013  -1.1941836408624340E-013  -5.2002846473442332E-013
   15050.000000000000        1.8067112048975520       -1.9139133748678911      -0.10720216997033916       -2.2634671914545379E-013  -1.0003109451872660E-013  -4.9549253589020736E-013
   15100.000000000000        1.8037671870057821       -1.9092799423772153      -0.10551275537143323       -2.1049828546892968E-013  -9.0594198809412774E-014  -4.7528647684202951E-013
   15150.000000000000        1.7997215936258548       -1.9054554518162112      -0.10573385819035641       -2.2537527399890678E-013  -4.2604808569990382E-014  -4.8661075169320611E-013
   15200.000000000000        1.7949613470425669       -1.8983219408029359      -0.10336059376036899       -3.0883628987510292E-013   1.1768364061026659E-014  -4.8316906031686813E-013
   15250.000000000000        1.7927975209864337       -1.8957877346088987      -0.10299021362246497       -3.2163161023390785E-013  -5.1070259132757201E-014  -4.6074255521943996E-013
   15300.000000000000        1.7809160710780276       -1.8853896227106595      -0.10447355163263183       -2.6423307986078726E-013  -6.6391336872584361E-014  -4.8633319593704982E-013
   15350.000000000000        1.7889981001249275       -1.8947437588590677      -0.10574565873414010       -2.3525625891807067E-013  -9.3258734068513149E-015  -5.0666415507549800E-013
   15400.000000000000        1.7906452725260023       -1.8944514940936061      -0.10380622156760388       -2.0605739337042905E-013  -1.6803225477701744E-013  -4.7044312889710227E-013
   15450.000000000000        1.7898592092069534       -1.8940178206088525      -0.10415861140189908       -2.4624746686185972E-013  -1.4671597270421444E-013  -4.4764192352886312E-013
   15500.000000000000        1.7940798312091868       -1.9012815400244676      -0.10720170881528079       -2.1227464230832993E-013  -1.1002310174035301E-013  -4.4608761129438790E-013
   15550.000000000000        1.8219711130161271       -1.9312033258876513      -0.10923221287152418       -2.0822232826844811E-013  -9.9920072216264089E-014  -4.7961634663806763E-013
   15600.000000000000        1.8267444021308274       -1.9371662191389940      -0.11042181700816656       -1.4921397450962104E-013  -1.8407497748285095E-013  -4.7511994338833574E-013
   15650.000000000000        1.8074291081566536       -1.9188879430435208      -0.11145883488686725       -1.9853563237859362E-013  -8.7208018584306046E-014  -5.0079385083279249E-013
   15700.000000000000        1.8283328845069726       -1.9380182016826160      -0.10968531717564334       -2.1294077612310502E-013  -9.6700425444851135E-014  -5.3723692161611325E-013
   15750.000000000000        1.8155909335031006       -1.9253032630352938      -0.10971232953219312       -2.2659651932599445E-013  -1.4768741785076145E-013  -4.8139270347746788E-013
   15800.000000000000        1.8134476577844900       -1.9224985216275043      -0.10905086384301432       -1.9631518632934331E-013  -2.5202062658991053E-014  -5.7373550355066527E-013
   15850.000000000000        1.8052580927706965       -1.9127777198520410      -0.10751962708134455       -2.9254376698872875E-013   6.0090821207836598E-015  -4.4838438517658119E-013
   15900.000000000000        1.8034019454218968       -1.9089777565418700      -0.10557581111997316       -3.3262281817769690E-013  -1.1679546219056647E-013  -4.9654724776360126E-013
   15950.000000000000        1.7967231389079910       -1.9027397705868971      -0.10601663167890618       -2.6284530108000581E-013  -4.1550096696596484E-014  -4.2044145942554678E-013
   16000.000000000000        1.8244009109549315       -1.9320549118373411      -0.10765400088240962       -2.6911806116913795E-013   7.9158901655773661E-014  -4.3759440515600545E-013
   16050.000000000000        1.8174235465933517       -1.9261937109362370      -0.10877016434288533       -2.5024426975051028E-013  -2.5535129566378600E-014  -4.4221570849600766E-013
   16100.000000000000        1.8105797045698495       -1.9192585278882399      -0.10867882331839041       -2.6256774532384952E-013   3.5527136788005009E-015  -4.0734082773496993E-013
   16150.000000000000        1.7982356823137287       -1.9042928554588774      -0.10605717314514873       -2.9254376698872875E-013   2.5757174171303632E-014  -4.6851411639181606E-013
   16200.000000000000        1.7884035795478961       -1.8945006679446101      -0.10609708839671406       -3.1297187064183163E-013  -1.5487611193520934E-014  -4.0079051188968151E-013
   16250.000000000000        1.8280785547059397       -1.9355519954485603      -0.10747344074262055       -2.4358293160275934E-013   1.9317880628477724E-014  -4.9643622546113875E-013
   16300.000000000000        1.8119521335651898       -1.9202979350080365      -0.10834580144284667       -1.1524114995609125E-013  -5.9952043329758453E-015  -5.7664983899030631E-013
   16350.000000000000        1.8083528233043702       -1.9169434273919406      -0.10859060408757037       -2.4602542225693469E-013  -9.3258734068513149E-015  -4.9834789073166519E-013
   16400.000000000000        1.8249117993096522       -1.9333967570147543      -0.10848495770510214       -2.2326585025211898E-013  -5.8064664187895687E-014  -4.9071857688431919E-013
   16450.000000000000        1.8058901124047377       -1.9133700949921622      -0.10747998258742442       -3.5123293162797609E-013  -7.9825035470548755E-014  -5.1647575105562282E-013
   16500.000000000000        1.7869341157246865       -1.8913938559006653      -0.10445974017597881       -3.0614399904038692E-013  -3.5749181392930041E-014  -5.4045656838752620E-013
   16550.000000000000        1.7955752240108760       -1.9011893364728265      -0.10561411246195052       -2.2570834090629432E-013  -1.4210854715202004E-013  -5.5266902165840293E-013
   16600.000000000000        1.7868070643393206       -1.8932907096413547      -0.10648364530203414       -1.8840484727888906E-013  -6.6613381477509392E-014  -5.3645976549887564E-013
   16650.000000000000        1.7844033376148660       -1.8883608806083503      -0.10395754299348425       -2.6278978992877455E-013  -4.2216230511371577E-014  -5.3967941227028859E-013
   16700.000000000000        1.7946066080385803       -1.8979988415158335      -0.10339223347725324       -1.8840484727888906E-013  -9.1371354926650383E-014  -5.4561043183465330E-013
   16750.000000000000        1.7991713719633031       -1.9030898186513447      -0.10391844668804162       -2.2959412149248237E-013  -1.3744561044859438E-013  -6.3904437297424010E-013
   16800.000000000000        1.8092408918732588       -1.9160355590927427      -0.10679466721948394       -2.1405099914773018E-013  -1.4555023852835802E-013  -5.5544457921996582E-013
   16850.000000000000        1.7988987012419202       -1.9062973097384217      -0.10739860849650151       -1.3833378886829450E-013  -1.4363510381087963E-013  -6.0307314697638503E-013
   16900.000000000000        1.8087818097124770       -1.9161133425738983      -0.10733153286142127       -1.2834178164666810E-013  -1.3167245072054357E-013  -5.3690385470872570E-013
   16950.000000000000        1.8238635770882579       -1.9330198543654047      -0.10915627727714683       -2.0783375020982930E-013  -2.0228263508670352E-013  -5.9441340738430881E-013
   17000.000000000000        1.8166651833844081       -1.9249180672573629      -0.10825288387295484       -2.2581936320875684E-013  -1.9506618542664000E-013  -5.6699089867606745E-013
   17050.000000000000        1.7996999471195916       -1.9078379984633433      -0.10813805134375176       -2.8399504969911504E-013  -2.5285329385837940E-013  -5.2841064857034326E-013
   17100.000000000000        1.8098701845952498       -1.9160416711394723      -0.10617148654422248       -3.1685765122801968E-013  -2.0783375020982930E-013  -5.2530202410139282E-013
   17150.000000000000        1.7996725705728802       -1.9039959320242892      -0.10432336145140897       -3.2263081095607049E-013  -1.7041923427996153E-013  -5.6155080585540418E-013
   17200.000000000000        1.7986372739364012       -1.9010648709730955      -0.10242759703669435       -3.4083846855992306E-013  -1.2467804566540508E-013  -5.5511151231257827E-013
   17250.000000000000        1.8114568775239519       -1.9112214771987013       -9.9764599674749377E-002  -3.6726177654600178E-013  -1.6042722705833512E-013  -5.3557158707917552E-013
   17300.000000000000        1.7716931582146263       -1.8706613504263054       -9.8968192211679185E-002  -3.8458125573015423E-013  -2.7733371155136410E-013  -4.9626969200744497E-013
   17350.000000000000        1.7928056365298315       -1.8930410374032343      -0.10023540087340277       -2.2332136140335024E-013  -1.6053824936079764E-013  -4.9804604884684522E-013
   17400.000000000000        1.7943076600336232       -1.8965348521077077      -0.10222719207408448       -2.5898727606943339E-013  -2.0566881531181025E-013  -4.3920422854171193E-013
   17450.000000000000        1.7720414164177400       -1.8733142375752703      -0.10127282115753022       -3.6948222259525210E-013  -2.5068835896036035E-013  -4.7184478546569153E-013
   17500.000000000000        1.7813886190459229       -1.8813438834237108       -9.9955264377787900E-002  -3.2229774404868294E-013  -2.1005419625907962E-013  -4.9804604884684522E-013
   17550.000000000000        1.8031638575186415       -1.9075184414265094      -0.10435458390786789       -2.9387603461827894E-013  -1.4546697180151114E-013  -5.1253445931820352E-013
   17600.000000000000        1.8169883812374319       -1.9229251292911160      -0.10593674805368414       -3.8813396940895473E-013  -1.5099033134902129E-013  -5.5797033660098805E-013
   17650.000000000000        1.8154846296001235       -1.9209647045594687      -0.10548007495934519       -3.3728575488112256E-013  -1.2928547121759948E-013  -4.9488191322666353E-013
   17700.000000000000        1.8120022157403382       -1.9166181228700967      -0.10461590712975855       -3.9401815143946806E-013   1.5282219933965280E-013  -4.6640469264502826E-013
   17750.000000000000        1.7705361902129388       -1.8731372637074146      -0.10260107349447578       -3.3328895199247199E-013  -1.5265566588595902E-013  -5.5944138210861638E-013
   17800.000000000000        1.7502455714194602       -1.8526547769519048      -0.10240920553244459       -3.7163327970546334E-013  -1.2767564783189300E-013  -5.9841021027295938E-013
   17850.000000000000        1.7758130216879322       -1.8797239994192094      -0.10391097773127722       -3.5221825456233091E-013  -1.2545520178264269E-013  -5.3113069498067489E-013
   17900.000000000000        1.7731772812259450       -1.8764223528354416      -0.10324507160949659       -3.1685765122801968E-013  -1.3922196728799463E-013  -4.9804604884684522E-013
   17950.000000000000        1.8044365507303914       -1.9065031355234909      -0.10206658479309949       -3.5571545708990016E-013  -9.1482377229112899E-014  -5.5189186554116532E-013
   18000.000000000000        1.7874304191349628       -1.8874839966845922      -0.10005357754962940       -3.8491432263754177E-013  -7.3718808835110394E-014  -6.6693872646794716E-013
   18050.000000000000        1.7945690336390807       -1.8943488307962839       -9.9779797157203198E-002  -4.0678571622265736E-013  -1.2367884494324244E-013  -6.3066218913832017E-013
   18100.000000000000        1.7767249611130758       -1.8785625009941822      -0.10183753988110644       -4.5946579874112103E-013  -1.5254464358349651E-013  -5.4151128026092010E-013
   18150.000000000000        1.7804927199118155       -1.8836887868448375      -0.10319606693302208       -4.1516790005857729E-013  -1.4077627952246985E-013  -5.1098014708372830E-013
   18200.000000000000        1.8196078814892687       -1.9256080497286778      -0.10600016823940916       -4.6321280144923094E-013  -1.7630341631047486E-013  -4.9249493372371944E-013
   18250.000000000000        1.7992005614127251       -1.9054572686661650      -0.10625670725343994       -3.8813396940895473E-013  -1.5343282200319663E-013  -4.9693582582222007E-013
   18300.000000000000        1.7988587971799523       -1.9049425157774391      -0.10608371859748678       -3.6415315207705135E-013  -2.6378899065093719E-013  -5.4090065759737627E-013
   18350.000000000000        1.8145176619497934       -1.9228960906933241      -0.10837842874353076       -3.5937919307116317E-013  -2.0117241206207837E-013  -5.9685589803848416E-013
   18400.000000000000        1.8305289539990155       -1.9412027382536952      -0.11067378425467966       -4.3104408931071703E-013  -1.8607337892717624E-013  -5.7553961596568115E-013
   18450.000000000000        1.8246439313584220       -1.9362082926114241      -0.11156436125300218       -3.5393910025049991E-013  -1.8407497748285095E-013  -5.5799809217660368E-013
   18500.000000000000        1.8086560825330820       -1.9178153635641277      -0.10915928103104577       -3.4078295740869180E-013  -1.9156898289907076E-013  -3.8458125573015423E-013
   18550.000000000000        1.8192073688108812       -1.9263094547679813      -0.10710208595710013       -4.2305048353341590E-013  -2.2953861034125111E-013  -6.0529359302563535E-013
   18600.000000000000        1.8111113918533397       -1.9176704263404072      -0.10655903448706749       -4.8655697526545083E-013  -2.6328939028985587E-013  -5.7442939294105599E-013
   18650.000000000000        1.8158350213326218       -1.9212843510263882      -0.10544932969376641       -4.3358545920302305E-013  -2.2859492077031973E-013  -5.2313708920337376E-013
   18700.000000000000        1.7798367174307868       -1.8838159584301861      -0.10397924099939937       -5.0820458952216541E-013  -2.3397950243975174E-013  -5.6243898427510430E-013
   18750.000000000000        1.7855418502052927       -1.8892664775728232      -0.10372462736753052       -3.4516833835596117E-013  -2.3676893778912245E-013  -5.7021054544748040E-013
   18800.000000000000        1.7803140937270485       -1.8833142235944293      -0.10300012986738083       -4.0348280272439752E-013  -1.7469359292476838E-013  -5.5822013678152871E-013
   18850.000000000000        1.7822337381221052       -1.8838062861274341      -0.10157254800532889       -5.2674531403340552E-013  -1.4227508060571381E-013  -6.3460348087573948E-013
   18900.000000000000        1.7963149616008369       -1.8979905549939318      -0.10167559339309484       -5.2183257714943920E-013  -1.5187850976872141E-013  -5.9041660449565825E-013
   18950.000000000000        1.7932977112070212       -1.8982550384463517      -0.10495732723933049       -4.1236458692139877E-013  -1.8446355554146976E-013  -6.2350125062948791E-013
   19000.000000000000        1.8085326772568153       -1.9153610034959541      -0.10682832623913874       -4.8183679268731794E-013  -1.4566126083082054E-013  -6.2355676178071917E-013
   19050.000000000000        1.8232245384180041       -1.9311124426187842      -0.10788790420078009       -4.7339909770016675E-013  -1.7674750552032492E-013  -6.0806915058719824E-013
   19100.000000000000        1.8009246123241420       -1.9074946001116642      -0.10656998778752214       -4.4586556668946287E-013  -1.6830981053317373E-013  -5.0803805606847163E-013
   19150.000000000000        1.7955337831078459       -1.8997338495670846      -0.10420006645923863       -4.4497738826976274E-013  -1.3788969965844444E-013  -5.9818816566803434E-013
   19200.000000000000        1.7657684706297592       -1.8659474197568495      -0.10017894912709036       -5.4400928206632670E-013  -1.2168044349891716E-013  -5.6732396558345499E-013
   19250.000000000000        1.7736700020112575       -1.8737872370481699      -0.10011723503691239       -4.6895820560166612E-013  -1.6298074001497298E-013  -5.6710192097852996E-013
   19300.000000000000        1.7950113710196618       -1.8974981584776316      -0.10248678745796980       -5.0282000785273340E-013  -1.6764367671839864E-013  -6.0987326300221412E-013
   19350.000000000000        1.8093738587531685       -1.9161843055297900      -0.10681044677662155       -5.7109872386718052E-013  -1.9051427102567686E-013  -5.8869575880748926E-013
   19400.000000000000        1.8134392479553969       -1.9205217339317726      -0.10708248597637571       -4.9471537977296975E-013  -1.9273471707492718E-013  -6.4392935428259079E-013
   19450.000000000000        1.7995314902176955       -1.9043591742050712      -0.10482768398737563       -4.5841108686772714E-013  -2.9817814883870142E-013  -5.1392223809898496E-013
   19500.000000000000        1.7858755927360406       -1.8881076219273671      -0.10223202919132657       -5.2219339963244238E-013  -2.3625545964023331E-013  -6.4653837839045991E-013
   19550.000000000000        1.8036859930334186       -1.9071774087017952      -0.10349141566837661       -5.5178084323870280E-013  -2.0061730054976579E-013  -6.5930594317364921E-013
   19600.000000000000        1.7955152422780765       -1.9042541870112937      -0.10873894473321721       -6.2067018191669376E-013  -2.0206059048177849E-013  -5.7770455086370021E-013
   19650.000000000000        1.7722928472586006       -1.8813768982850694      -0.10908405102646879       -5.3457238635701287E-013  -2.0428103653102880E-013  -6.5381033920175469E-013
   19700.000000000000        1.7865053358204626       -1.8945384922836730      -0.10803315646321043       -5.0404125317982107E-013  -1.3868073356348987E-013  -5.9741100955079673E-013
   19750.000000000000        1.8091213618866155       -1.9164182139667159      -0.10729685208010031       -5.3479443096193791E-013  -1.1879386363489175E-013  -6.4914740249832903E-013
   19800.000000000000        1.8028134976899886       -1.9099685138998248      -0.10715501620983625       -5.0404125317982107E-013  -2.3181456754173269E-013  -6.2133631573146886E-013
   19850.000000000000        1.8071375692745131       -1.9147693860697301      -0.10763181679521705       -5.7143179077456807E-013  -2.4058532943627142E-013  -5.5397353371233748E-013
   19900.000000000000        1.8105253278800459       -1.9182409048464175      -0.10771557696637157       -5.5419557831726252E-013  -2.4164004130966532E-013  -6.1839422471621219E-013
   19950.000000000000        1.7973828080264054       -1.9055232475581969      -0.10814043953179153       -5.2369220071568634E-013  -2.2587487435998810E-013  -6.0862426209951082E-013
   20000.000000000000        1.8276029127015003       -1.9381326845869979      -0.11052977188549762       -5.6499249723174216E-013  -2.4924506902834764E-013  -5.8153482029865700E-013
