   50.000000000000000        1.6824816884247944       -1.8123159084780807      -0.12983422005328626       -2.3536728122053319E-014   1.5054624213917123E-013  -1.3611334281904419E-013
   100.00000000000000        1.5000000000000038       -2.0446522604202682      -0.54465226042026438       -5.7287508070658077E-014   1.7819079545233762E-013  -6.4170890823334048E-014
   150.00000000000000        1.5612593896811744       -2.1106870222928240      -0.54942763261164962        9.9364960703951510E-015   1.2301271112846734E-013  -9.9698027611339057E-014
   200.00000000000000        1.4999999999999969       -2.1328553796701830      -0.63285537967018612       -1.2767564783189300E-014   1.0791367799356522E-013  -2.0561330416057899E-013
   250.00000000000000        1.5181105595089628       -2.1498320118840555      -0.63172145237509270        3.9052094891189881E-014   1.1923795284474181E-013  -1.8145901448107793E-013
   300.00000000000000        1.4999999999999951       -2.1405840001858976      -0.64058400018590245       -3.1863400806741993E-014   1.0280665208028950E-013  -1.9861889910544051E-013
   350.00000000000000        1.5131812868880998       -2.1525920820044799      -0.63941079511638010       -6.5780714209040525E-014   1.0763612223740893E-013  -1.7541523789077473E-013
   400.00000000000000        1.5000000000000027       -2.1431327002589864      -0.64313270025898372       -4.6906922790412864E-015   5.7120974616964304E-014  -1.8751666885918894E-013
   450.00000000000000        1.5280494592211120       -2.1714788311790771      -0.64342937195796512        8.2378548427186615E-014   5.4622972811557702E-014  -2.3958612871410878E-013
   500.00000000000000        1.5000000000000022       -2.1671784102043579      -0.66717841020435564       -1.0258460747536446E-013   5.4845017416482733E-014  -1.7097434579227411E-013
   550.00000000000000        1.4906258623455946       -2.1562740981757069      -0.66564823583011234        2.5490720645393594E-013   4.7073456244106637E-014  -2.0339285811132868E-013
   600.00000000000000        1.5000000000000047       -2.1649879041692670      -0.66498790416926234       -1.9606538614880265E-013   1.1385337117530980E-013  -1.4344081478157023E-013
   650.00000000000000        1.4874327292835383       -2.1506268249084814      -0.66319409562494314       -1.7608137170554983E-013   1.0680345496894006E-013  -1.9229062786507711E-013
   700.00000000000000        1.5000000000000047       -2.1534034010372705      -0.65340340103726580        8.4154905266586866E-014   1.7746915048633127E-013  -1.6453505224944820E-013
   750.00000000000000        1.4906673575560843       -2.1442731929441945      -0.65360583538811023       -1.5365486660812167E-013   1.4276080317898732E-013  -2.3270274596143281E-013
   800.00000000000000        1.5000000000000013       -2.1573512664980217      -0.65735126649802034       -5.5511151231257827E-015   2.0504431486045860E-013  -1.3189449532546860E-013
   850.00000000000000        1.4845923313121945       -2.1385252065539233      -0.65393287524172883        1.6342482922482304E-013   1.6003864899971632E-013  -1.8918200339612667E-013
   900.00000000000000        1.4999999999999984       -2.1267359936769297      -0.62673599367693122       -2.4780177909633494E-013   1.1582401704401946E-013  -2.4946711363327267E-013
   950.00000000000000        1.4981179688490558       -2.1245532032278494      -0.62643523437879356        4.1300296516055823E-014   1.1568523916594131E-013  -1.4277468096679513E-013
   1000.0000000000000        1.4999999999999998       -2.1413729383513540      -0.64137293835135423        1.9506618542664000E-013   5.0431880893597736E-014  -3.0375701953744283E-013
   1050.0000000000000        1.4983618113967183       -2.1408500782916153      -0.64248826689489702        2.3419634287424884E-013   5.9729998724833422E-014  -2.0383694732117874E-013
   1100.0000000000000        1.4999999999999893       -2.1295408258095549      -0.62954082580956561        1.1593503934648197E-013   1.7652546091539989E-013  -2.9931612743894220E-013
   1150.0000000000000        1.4981279009195039       -2.1270482216770366      -0.62892032075753268        8.1712414612411521E-014   1.3944401189291966E-013  -3.3872904481313526E-013
   1200.0000000000000        1.5000000000000024       -2.1318519801768594      -0.63185198017685695       -2.3936408410918375E-013   1.6209256159527285E-013  -3.2651659154225854E-013
   1250.0000000000000        1.4813545513021662       -2.1103356613192452      -0.62898111001707901        8.4376949871511897E-015   1.7563728249569976E-013  -2.2737367544323206E-013
   1300.0000000000000        1.5000000000000022       -2.0904113989549229      -0.59041139895492067       -2.5546231796624852E-013   1.3677947663381929E-013  -2.2248869413488137E-013
   1350.0000000000000        1.5248183261454042       -2.1142250742089623      -0.58940674806355808        6.8833827526759706E-015   1.4516166046973922E-013  -2.4075186288996520E-013
   1400.0000000000000        1.4999999999999991       -2.0893842390801627      -0.58938423908016357        7.1442851634628823E-014   1.4588330543574557E-013  -2.0650148258027912E-013
   1450.0000000000000        1.5001713108819874       -2.0876443296107383      -0.58747301872875091        2.0261570199409107E-013   9.3786090005210099E-014  -2.7267077484793845E-013
   1500.0000000000000        1.4999999999999956       -2.0834884809408520      -0.58348848094085648        1.0480505352461478E-013   1.7792364803703720E-013  -2.7622348852673895E-013
   1550.0000000000000        1.5058289982497552       -2.0908043330694284      -0.58497533481967312       -6.3060667798708891E-014   9.3924867883288243E-014  -2.3309132402005162E-013
   1600.0000000000000        1.4999999999999987       -2.0809588721856280      -0.58095887218562936       -5.7454041524351851E-014   1.6153745008296028E-013  -2.2737367544323206E-013
   1650.0000000000000        1.5136696169290675       -2.0937432393609452      -0.58007362243187766       -7.9880546621780013E-014   1.6742163211347361E-013  -2.6426083543640289E-013
   1700.0000000000000        1.5000000000000016       -2.0686456424637241      -0.56864564246372251       -9.0115415130043175E-014   1.8052226380405045E-013  -2.4946711363327267E-013
   1750.0000000000000        1.5075307614579050       -2.0773948460606899      -0.56986408460278493        6.1672889017927446E-014   1.5121237595394632E-013  -3.0117575100518934E-013
   1800.0000000000000        1.5000000000000049       -2.0851641338928926      -0.58516413389288768        3.5763059180737855E-014   1.9439311271796100E-013  -3.0442315335221792E-013
   1850.0000000000000        1.5037613680606101       -2.0886074801461203      -0.58484611208551018       -3.9579450827886831E-014   1.5429324484728113E-013  -2.6056934387952424E-013
   1900.0000000000000        1.4999999999999984       -2.0574808171543113      -0.55748081715431286       -1.0269562977782698E-015   1.3944401189291966E-013  -2.5840440898150518E-013
   1950.0000000000000        1.5001309389970816       -2.0563443889673927      -0.55621344997031108       -5.3679283240626319E-014   1.9362289549462730E-013  -3.2962521601120898E-013
   2000.0000000000000        1.5000000000000020       -2.0701599196157923      -0.57015991961579027       -7.2386541205560206E-014   2.3309132402005162E-013  -1.8451906669270102E-013
   2050.0000000000000        1.5135487988269398       -2.0856347778493984      -0.57208597902245861        1.8873791418627661E-014   2.2726265314076954E-013  -3.1818991885756986E-013
   2100.0000000000000        1.5000000000000040       -2.0743551755510437      -0.57435517555103965       -7.0388139761234925E-014   2.3092638912203256E-013  -2.7722268924890159E-013
   2150.0000000000000        1.4810080735348825       -2.0524862611353485      -0.57147818760046598       -2.8865798640254070E-014   2.0772272790736679E-013  -2.1604940059205546E-013
   2200.0000000000000        1.5000000000000104       -2.0633402614877099      -0.56334026148769945       -1.4432899320127035E-015   1.9362289549462730E-013  -2.0330959138448179E-013
   2250.0000000000000        1.5027994632932233       -2.0670673574655365      -0.56426789417231316        9.4368957093138306E-015   2.3991919562149633E-013  -2.5413005033669833E-013
   2300.0000000000000        1.4999999999999962       -2.0770162436128419      -0.57701624361284565        1.7125190154843040E-014   8.0380146982861334E-014  -2.0450308113595383E-013
   2350.0000000000000        1.5263196780659252       -2.1061946159847449      -0.57987493791881972       -2.5479618415147343E-014   2.1271873151817999E-013  -1.8252066524837574E-013
   2400.0000000000000        1.4999999999999984       -2.0721859680805910      -0.57218596808059252       -1.9317880628477724E-014   2.8449465006019636E-013  -2.0650148258027912E-013
   2450.0000000000000        1.5122502373014548       -2.0829009267827412      -0.57065068948128639       -1.1174394742852201E-013   1.7141843500212417E-013  -2.4413804311507192E-013
   2500.0000000000000        1.4999999999999984       -2.0801389376479684      -0.58013893764796998       -4.4964032497318840E-014   2.7844393457598926E-013  -2.2679080835530385E-013
   2550.0000000000000        1.5008715261960330       -2.0821901572109227      -0.58131863101488968        1.2212453270876722E-014   2.6878499426175040E-013  -2.2543078515013804E-013
   2600.0000000000000        1.5000000000000000       -2.0806894060883798      -0.58068940608837982       -6.8833827526759706E-015   1.5559775690121569E-013  -1.8240964294591322E-013
   2650.0000000000000        1.5290333752392229       -2.1112101334907605      -0.58217675825153758       -7.9936057773011271E-015   1.6076029396572267E-013  -2.2482016248659420E-013
   2700.0000000000000        1.5000000000000027       -2.1089779413243197      -0.60897794132431704       -4.7961634663806763E-014   1.9773072068574038E-013  -1.7491563752969341E-013
   2750.0000000000000        1.4937397321407830       -2.1025780837179302      -0.60883835157714716       -3.3806291099836017E-014   2.7322588636025102E-013  -2.4646951146678475E-013
   2800.0000000000000        1.5000000000000007       -2.0857264520559715      -0.58572645205597085       -1.6431300764452317E-014   1.1246559239452836E-013  -2.5335289421946072E-013
   2850.0000000000000        1.5205354477220860       -2.1071418395234840      -0.58660639180139795        8.8373752760162461E-014   1.6409096303959814E-013  -2.1338486533295509E-013
   2900.0000000000000        1.4999999999999987       -2.0899552693119396      -0.58995526931194098        9.3258734068513149E-015   1.7896795156957523E-013  -2.1438406605511773E-013
   2950.0000000000000        1.5190146290646978       -2.1108583496376214      -0.59184372057292367       -1.2434497875801753E-014   1.4402454923123642E-013  -2.8987923172962837E-013
   3000.0000000000000        1.5000000000000004       -2.1174417420857470      -0.61744174208574654        3.3750779948604759E-014   2.0738966099997924E-013  -1.9650947535865271E-013
   3050.0000000000000        1.4950492016529595       -2.1116596982803992      -0.61661049662743972        4.0384362520740069E-015   2.5224267119483557E-013  -2.7555735471196385E-013
   3100.0000000000000        1.4999999999999991       -2.1043476757607604      -0.60434767576076132        6.2727600891321345E-015   1.6697754290362354E-013  -3.6942671144402084E-013
   3150.0000000000000        1.5003826112066081       -2.1042144316105982      -0.60383182040399008        9.1038288019262836E-015   2.4547031074462211E-013  -3.1485924978369439E-013
   3200.0000000000000        1.5000000000000004       -2.1055452069335279      -0.60554520693352742        2.8532731732866523E-014   2.4404089860041722E-013  -2.6778579353958776E-013
   3250.0000000000000        1.5107378956668460       -2.1186586043091191      -0.60792070864227310        7.6605388699135801E-015   2.7033930649622562E-013  -3.2907010449889640E-013
   3300.0000000000000        1.5000000000000013       -2.0951801023961720      -0.59518010239617070        7.7715611723760958E-015   2.8005375796169574E-013  -3.0464519795714295E-013
   3350.0000000000000        1.5068100826584667       -2.0990030609762100      -0.59219297831774331       -6.0396132539608516E-014   3.0547786522561182E-013  -2.8266278206956486E-013
   3400.0000000000000        1.5000000000000044       -2.0803111787505921      -0.58031117875058769       -5.4678483962788960E-014   2.7056135110115065E-013  -3.6570746431152656E-013
   3450.0000000000000        1.5072013359925798       -2.0888752322274531      -0.58167389623487331       -6.6613381477509392E-014   2.6018076582090544E-013  -3.7103653482972732E-013
   3500.0000000000000        1.5000000000000051       -2.1112983905871228      -0.61129839058711766       -4.5130565951012613E-014   2.2115642650533118E-013  -3.1752378504279477E-013
   3550.0000000000000        1.4670576051401374       -2.0761741032921703      -0.60911649815203295       -3.3084646133829665E-014   2.5479618415147343E-013  -2.7622348852673895E-013
   3600.0000000000000        1.4999999999999882       -2.0756836892336779      -0.57568368923368962       -1.3544720900426910E-013   2.8710367416806548E-013  -1.7086332348981159E-013
   3650.0000000000000        1.4989475266739369       -2.0757395370763887      -0.57679201040245176       -1.0624834345662748E-013   2.6745272663220021E-013  -2.9665159217984183E-013
   3700.0000000000000        1.4999999999999987       -2.1014931954156149      -0.60149319541561619       -4.7586934392995772E-014   2.4025226252888388E-013  -3.3278935163139067E-013
   3750.0000000000000        1.5187953287796154       -2.1237515479676645      -0.60495621918804909       -8.0491169285323849E-014   2.6534330288541241E-013  -3.5194069880617462E-013
   3800.0000000000000        1.4999999999999996       -2.1103647557802714      -0.61036475578027183       -1.1111944697717036E-013   3.1596947280831955E-013  -3.2535085736640212E-013
   3850.0000000000000        1.5051257174926040       -2.1158331319694228      -0.61070741447681876       -4.6401901418469116E-014   3.7370107008882769E-013  -2.6056934387952424E-013
   3900.0000000000000        1.4999999999999987       -2.1204763373305835      -0.62047633733058483       -7.4384942649885488E-014   3.9054870448751444E-013  -3.3650859876388495E-013
   3950.0000000000000        1.4874277645066332       -2.1094874386492135      -0.62205967414258034       -1.4566126083082054E-013   2.7611246622427643E-013  -3.3706371027619753E-013
   4000.0000000000000        1.5000000000000013       -2.1340870187253294      -0.63408701872532802       -9.3480778673438181E-014   2.7283730830163222E-013  -3.1707969583294471E-013
   4050.0000000000000        1.5024445328498230       -2.1363120929087422      -0.63386756005891920       -1.7141843500212417E-013   2.1893598045608087E-013  -2.7439162053610744E-013
   4100.0000000000000        1.4999999999999996       -2.1338107555213859      -0.63381075552138633       -1.4033219031261979E-013   2.1915802506100590E-013  -2.5046631435543532E-013
   4150.0000000000000        1.4865696190498805       -2.1203544739626832      -0.63378485491280268       -1.0330625244137082E-013   2.7927660184445813E-013  -3.4211522503824199E-013
   4200.0000000000000        1.4999999999999967       -2.1121912472584206      -0.61219124725842389       -1.7497114868092467E-013   2.0472512574087887E-013  -2.6620372572949691E-013
   4250.0000000000000        1.4898151494184693       -2.1011938111074868      -0.61137866168901756       -1.6764367671839864E-013   1.5940027076055685E-013  -2.4830137945741626E-013
   4300.0000000000000        1.5000000000000044       -2.1267304592004930      -0.62673045920048853       -2.6645352591003757E-015   2.3780977187470853E-013  -3.4289238115547960E-013
   4350.0000000000000        1.4993438913018016       -2.1284849899591443      -0.62914109865734269       -1.0680345496894006E-013   1.9273471707492718E-013  -3.1841196346249490E-013
   4400.0000000000000        1.5000000000000000       -2.1399172717129549      -0.63991727171295487       -5.8508753397745750E-014   2.0161650127192843E-013  -3.0206392942488947E-013
   4450.0000000000000        1.4882485388522078       -2.1273598662869277      -0.63911132743471999       -1.1890488593735427E-013   2.1449508835758024E-013  -3.8768988019910466E-013
   4500.0000000000000        1.4999999999999958       -2.1196656807575511      -0.61966568075755535       -5.9174887212520844E-014   1.7585932710062480E-013  -3.4616753907812381E-013
   4550.0000000000000        1.4821773182710949       -2.1010430094342989      -0.61886569116320400       -1.6875389974302379E-014   2.3225865675158275E-013  -2.7777780076121417E-013
   4600.0000000000000        1.5000000000000029       -2.0984268611841936      -0.59842686118419075       -1.2589929099249275E-013   2.3492319201068312E-013  -4.0656367161773233E-013
   4650.0000000000000        1.5255161051207318       -2.1251632856184650      -0.59964718049773325        5.8619775700208265E-014   2.0916601783937949E-013  -4.2132963784524691E-013
   4700.0000000000000        1.5000000000000000       -2.1261980454369276      -0.62619804543692759        7.0721206668622472E-014   2.4324986469537180E-013  -3.2185365483883288E-013
   4750.0000000000000        1.5056636923376232       -2.1334955326417528      -0.62783184030412964       -2.0872192862952943E-014   3.1374902675906924E-013  -3.8663516832571077E-013
   4800.0000000000000        1.4999999999999991       -2.1257768729243569      -0.62577687292435780       -3.7525538232330291E-014   1.4943601911454607E-013  -4.5041748109042601E-013
   4850.0000000000000        1.4849742822943135       -2.1080134065005360      -0.62303912420622254       -5.2624571367232420E-014   1.6819878823071122E-013  -4.1211478674085811E-013
   4900.0000000000000        1.4999999999999953       -2.1042934912255506      -0.60429349122555531       -6.0562665993302289E-014   1.5876189252139739E-013  -4.8461235024888083E-013
   4950.0000000000000        1.4961801960315788       -2.1012149177571091      -0.60503472172553030       -1.1912693054227930E-013   2.0347612483817556E-013  -3.1386004906153175E-013
   5000.0000000000000        1.4999999999999902       -2.1095178476229330      -0.60951784762294281       -3.7969627442180354E-014   2.8888003100746573E-013  -3.9060421563874570E-013
   5050.0000000000000        1.4846865859013232       -2.0925864928250424      -0.60789990692371920       -5.0626169922907138E-014   2.0561330416057899E-013  -4.0456527017340704E-013
   5100.0000000000000        1.4999999999999989       -2.0954237631939723      -0.59542376319397339       -2.9240498911065060E-014   2.3947510641164627E-013  -3.8663516832571077E-013
   5150.0000000000000        1.4942489650815556       -2.0901627445045721      -0.59591377942301649        2.0483614804334138E-014   2.2359891715950653E-013  -2.8443913890896511E-013
   5200.0000000000000        1.5000000000000100       -2.0810880829678533      -0.58108808296784331       -1.4210854715202004E-014   1.9051427102567686E-013  -3.4150460237469815E-013
   5250.0000000000000        1.4971744811908487       -2.0778309470077390      -0.58065646581689023        1.9095836023552692E-014   2.2624870726906110E-013  -3.1130653610489389E-013
   5300.0000000000000        1.5000000000000047       -2.0769957039471949      -0.57699570394719024        3.8968828164342995E-014   2.2915003228263231E-013  -3.6853853302432071E-013
   5350.0000000000000        1.5011210923402232       -2.0780778402288695      -0.57695674788864637        1.3912482277333993E-013   1.9328982858723975E-013  -3.4566099982313858E-013
   5400.0000000000000        1.4999999999999989       -2.0958209821854026      -0.59582098218540369       -1.4988010832439613E-015   2.2604140781368187E-013  -3.2562841312255841E-013
   5450.0000000000000        1.5020472557256459       -2.0987630208380565      -0.59671576511241065        6.2949645496246376E-014   2.6956215037898801E-013  -4.4197978610327482E-013
   5500.0000000000000        1.5000000000000020       -2.0869004102608111      -0.58690041026080908        1.6087131626818518E-013   1.1712852909795402E-013  -3.1666336219871027E-013
   5550.0000000000000        1.4933394743739288       -2.0785101459216291      -0.58517067154770031        9.2814644858663087E-014   2.1194157540094238E-013  -3.5324521086010918E-013
   5600.0000000000000        1.5000000000000075       -2.0823905625683237      -0.58239056256831612        2.1038726316646716E-014   2.0505819264826641E-013  -2.9443114613059151E-013
   5650.0000000000000        1.4906970976326195       -2.0734212984340723      -0.58272420080145282        4.1078251911130792E-014   1.9795276529066541E-013  -2.8621549574836536E-013
   5700.0000000000000        1.5000000000000011       -2.0891440707090148      -0.58914407070901365       -1.3655743202889425E-014   2.6362245719724342E-013  -3.7467251523537470E-013
   5750.0000000000000        1.5106665603249647       -2.0993170853415379      -0.58865052501657322        1.4499512701604544E-013   1.6608936448392342E-013  -3.9418468489316183E-013
   5800.0000000000000        1.4999999999999951       -2.0664298983570468      -0.56642989835705171        6.3109240056036242E-014   2.3980817331903381E-013  -3.2129854332652030E-013
   5850.0000000000000        1.5041540594074645       -2.0712750734892773      -0.56712101408181281        9.2037488741425477E-014   1.5554224574998443E-013  -2.4824586830618500E-013
   5900.0000000000000        1.5000000000000144       -2.0826121618218130      -0.58261216182179854        8.8373752760162461E-014   2.7533531010703882E-013  -3.7891911830456593E-013
   5950.0000000000000        1.4651022736281041       -2.0446751655957143      -0.57957289196761019        9.1482377229112899E-014   1.3367085216486885E-013  -3.3965885659625883E-013
   6000.0000000000000        1.4999999999999911       -2.0617268667994764      -0.56172686679948525        2.9753977059954195E-014   1.8496315590255108E-013  -3.9701575360595598E-013
   6050.0000000000000        1.4808690513443066       -2.0455726849369582      -0.56470363359265163        1.3433698597964394E-014   1.3233858453531866E-013  -2.8976820942716586E-013
   6100.0000000000000        1.4999999999999984       -2.0716022622735766      -0.57160226227357813        2.2537527399890678E-014   2.0272672429655358E-013  -3.1696867353048219E-013
   6150.0000000000000        1.4991872081728732       -2.0707984436014333      -0.57161123542856007        5.4400928206632670E-014   1.6786572132332367E-013  -1.7918999617450027E-013
   6200.0000000000000        1.4999999999999984       -2.0568347138307086      -0.55683471383071015        8.5709217501062085E-014   2.1094237467877974E-013  -3.4328095921409840E-013
   6250.0000000000000        1.5118961774969248       -2.0683972743211454      -0.55650109682422055        5.7953641885433171E-014   1.4360734823526400E-013  -2.7577939931688888E-013
   6300.0000000000000        1.4999999999999962       -2.0487208845152174      -0.54872088451522116        9.3258734068513149E-014   1.7219559111936178E-013  -3.2862601528904634E-013
   6350.0000000000000        1.4873376870990878       -2.0347487252713639      -0.54741103817227610        1.5876189252139739E-014   9.0150109599562711E-014  -3.1508129438861943E-013
   6400.0000000000000        1.4999999999999916       -2.0524695644960929      -0.55246956449610130        1.1657341758564144E-014   9.7255536957163713E-014  -2.9332092310596636E-013
   6450.0000000000000        1.4923982267332527       -2.0462663239466727      -0.55386809721342001        4.3520742565306136E-014   1.2445600106048005E-013  -3.3917313402298532E-013
   6500.0000000000000        1.5000000000000104       -2.0569581360798010      -0.55695813607979061        3.1086244689504383E-014   1.7053025658242404E-013  -2.9587443606260422E-013
   6550.0000000000000        1.5156312763464919       -2.0739104878323240      -0.55827921148583215       -1.9706458687096529E-014   2.0958929036751783E-013  -3.3728575488112256E-013
   6600.0000000000000        1.5000000000000022       -2.1033480624473242      -0.60334806244732198        7.6827433304060833E-014   1.6497914145929826E-013  -3.6126657221302594E-013
   6650.0000000000000        1.4732255817010254       -2.0761474692045181      -0.60292188750349274       -6.3282712403633923E-014   2.0805579481475434E-013  -3.9523939676655573E-013
   6700.0000000000000        1.4999999999999936       -2.0686543437435647      -0.56865434374357116        6.9722005946459831E-014   1.8274270985330077E-013  -3.1086244689504383E-013
   6750.0000000000000        1.4794343060878110       -2.0475890655033839      -0.56815475941557292        4.3964831775156199E-014   1.4238610290817633E-013  -3.0908609005564358E-013
   6800.0000000000000        1.5000000000000047       -2.0664444322536730      -0.56644443225366836        3.6748382115092681E-014   1.5631940186722204E-013  -4.3201553445726404E-013
   6850.0000000000000        1.4894195318499936       -2.0583409291831196      -0.56892139733312597       -3.3972824553529790E-014   2.0161650127192843E-013  -3.4838798512737412E-013
   6900.0000000000000        1.5000000000000080       -2.0881491422254084      -0.58814914222540038        1.9595436384634013E-014   1.5110135365148381E-013  -3.8502534494000429E-013
   6950.0000000000000        1.5028208144603963       -2.0926649954132390      -0.58984418095284274       -4.2854608750531042E-014   2.8355096048926498E-013  -3.5071945347908695E-013
   7000.0000000000000        1.4999999999999976       -2.0926075624672662      -0.59260756246726864       -4.9515946898281982E-014   2.5457413954654839E-013  -3.1419311596891930E-013
   7050.0000000000000        1.5343611514229911       -2.1315771608797056      -0.59721600945671449       -8.1573636734333377E-014   1.4366285938649526E-013  -3.8402614421784165E-013
   7100.0000000000000        1.5000000000000027       -2.1318671776208284      -0.63186717762082578       -2.6201263381153694E-014   1.8213208718975693E-013  -2.7755575615628914E-013
   7150.0000000000000        1.5049261461630983       -2.1355194447912336      -0.63059329862813529       -1.2212453270876722E-014   1.6617263121077031E-013  -2.6229018956769323E-013
   7200.0000000000000        1.5000000000000018       -2.1142222808030868      -0.61422228080308505       -7.1720407390785113E-014   1.5742962489184720E-013  -3.5738079162683789E-013
   7250.0000000000000        1.5019113844164624       -2.1161416991222546      -0.61423031470579215       -8.6319840164605921E-014   1.7053025658242404E-013  -3.5083047578154947E-013
   7300.0000000000000        1.4999999999999953       -2.1289180498502431      -0.62891804985024780       -6.8389738316909643E-014   1.9351187319216478E-013  -3.2385205628315816E-013
   7350.0000000000000        1.4918610190975006       -2.1224678018391483      -0.63060678274164772       -1.8096635301390052E-014   1.7552626019323725E-013  -3.4039437935007300E-013
   7400.0000000000000        1.5000000000000027       -2.1338656361206509      -0.63386563612064828       -4.1949083096071149E-014   1.8895995879120164E-013  -3.1374902675906924E-013
   7450.0000000000000        1.4816387739050989       -2.1125109454541056      -0.63087217154900666       -3.3861802251067274E-014   1.3045120539345589E-013  -3.5160763189878708E-013
   7500.0000000000000        1.4999999999999969       -2.0987177864910440      -0.59871778649104712       -3.6914915568786455E-014   1.6786572132332367E-013  -3.0775382242609339E-013
   7550.0000000000000        1.5006033745874223       -2.0995730501448526      -0.59896967555743030       -6.0063065632220969E-014   1.7852386235972517E-013  -3.6882302767438091E-013
   7600.0000000000000        1.4999999999999971       -2.1036980592964398      -0.60369805929644271       -3.7664316110408436E-014   1.3994361225400098E-013  -3.2622515799829443E-013
   7650.0000000000000        1.5269218790854360       -2.1338107583418173      -0.60688887925638135       -8.2156503822261584E-014   1.5742962489184720E-013  -3.4194869158454821E-013
   7700.0000000000000        1.4999999999999996       -2.1694634727057114      -0.66946347270571183       -4.6629367034256575E-015   1.5742962489184720E-013  -3.1213920337336276E-013
   7750.0000000000000        1.5085566906091281       -2.1816535924828591      -0.67309690187373095       -8.5487172896137054E-015   1.5987211554602254E-013  -3.4823186001453621E-013
   7800.0000000000000        1.4999999999999984       -2.1860780785472955      -0.68607807854729708       -4.8738790781044372E-014   1.7597034940308731E-013  -3.8413716652030416E-013
   7850.0000000000000        1.5097624319930469       -2.1945050490157496      -0.68474261702270267       -2.1871393585115584E-014   1.2900791546144319E-013  -2.6623148130511254E-013
   7900.0000000000000        1.5000000000000075       -2.1789143402531899      -0.67891434025318231       -1.2656542480726785E-014   1.4666046155298318E-013  -2.8099744753262712E-013
   7950.0000000000000        1.4867173649680643       -2.1642582823686829      -0.67754091740061861       -5.4178883601707639E-014   1.3011813848606835E-013  -1.9961809982760315E-013
   8000.0000000000000        1.5000000000000000       -2.1600897153516314      -0.66008971535163141        2.3092638912203256E-014   8.5931262105987116E-014  -2.1160850849355484E-013
   8050.0000000000000        1.4959271291162037       -2.1571622391232412      -0.66123511000703750       -2.6645352591003757E-015   4.8516746176119341E-014  -4.0856207306205761E-013
   8100.0000000000000        1.5000000000000033       -2.1534145135286575      -0.65341451352865421        5.4845017416482733E-014   1.3433698597964394E-013  -2.8022029141538951E-013
   8150.0000000000000        1.4714668000256446       -2.1222964302188716      -0.65082963019322704       -2.4868995751603507E-014   9.7255536957163713E-014  -3.6193270602780103E-014
   8200.0000000000000        1.4999999999999967       -2.1292714031828925      -0.62927140318289587        3.0531133177191805E-014   7.9047879353311146E-014  -2.4213964167074664E-013
   8250.0000000000000        1.4995564107553632       -2.1283800978361134      -0.62882368708075020        2.5979218776228663E-014   8.1934459217336553E-014  -2.2559731860383181E-013
   8300.0000000000000        1.5000000000000007       -2.1137708723719695      -0.61377087237196881       -5.5733195836182858E-014   1.0658141036401503E-013  -2.0616841567289157E-013
   8350.0000000000000        1.5001250569333868       -2.1123507031908746      -0.61222564625748777       -1.3145040611561853E-013   1.0014211682118912E-013  -1.3844481117075702E-013
   8400.0000000000000        1.5000000000000075       -2.1104012079404213      -0.61040120794041375       -3.2418512319054571E-014   9.0594198809412774E-014  -2.1471713296250527E-013
   8450.0000000000000        1.4693688754004701       -2.0774370261399375      -0.60806815073946741       -6.4281913125796564E-014   1.6397994073713562E-013  -1.4353795929622493E-013
   8500.0000000000000        1.5000000000000033       -2.0875670221371672      -0.58756702213716383       -3.7081449022480228E-014   4.8627768478581856E-014  -2.2837287616539470E-013
   8550.0000000000000        1.5023652058198800       -2.0912002728806049      -0.58883506706072497       -8.2156503822261584E-014   1.6453505224944820E-013  -1.9872992140790302E-013
   8600.0000000000000        1.4999999999999982       -2.0810156399069260      -0.58101563990692773       -1.0325074129013956E-014   1.7519319328584970E-013  -3.2307490016592055E-013
   8650.0000000000000        1.4947988226085622       -2.0731395669488695      -0.57834074434030724        5.1070259132757201E-014  -8.2156503822261584E-015  -2.2348789485704401E-013
   8700.0000000000000        1.4999999999999976       -2.0385206006715193      -0.53852060067152174       -2.9531932455029164E-014   1.2367884494324244E-013  -2.4291679778798425E-013
   8750.0000000000000        1.5233338755869941       -2.0630114656795424      -0.53967759009254834        1.8651746813702630E-014   1.1818324097134791E-013  -2.4280577548552174E-013
   8800.0000000000000        1.5000000000000053       -2.1047140297171230      -0.60471402971711763        3.7747582837255322E-014   1.2628786905111156E-013  -1.8379742172669467E-013
   8850.0000000000000        1.4994248810147750       -2.1063290602873703      -0.60690417927259532       -3.7081449022480228E-014   1.3455903058456897E-013  -2.2985086056692694E-013
   8900.0000000000000        1.5000000000000022       -2.0911033479486858      -0.59110334794868358       -5.5955240441107890E-014   1.3655743202889425E-013  -1.8909873666927979E-013
   8950.0000000000000        1.4878739908648762       -2.0760122696584564      -0.58813827879358027       -6.4837024638109142E-014   1.2745360322696797E-013  -2.5590640717609858E-013
   9000.0000000000000        1.5000000000000020       -2.0989246202272178      -0.59892462022721582       -2.2204460492503131E-014   1.4030443473700416E-013  -1.7175150190951172E-013
   9050.0000000000000        1.4887982541604674       -2.0881248728645634      -0.59932661870409598       -1.5765166949677223E-014   1.4277468096679513E-013  -1.8607337892717624E-013
   9100.0000000000000        1.4999999999999973       -2.0941154554029233      -0.59411545540292598       -4.1820713558848865E-014   1.2129186544029835E-013  -2.3714363805993344E-013
   9150.0000000000000        1.4947747986776356       -2.0901162322586684      -0.59534143358103275       -1.7985612998927536E-014   1.4910295220715852E-013  -2.4558133304708463E-013
   9200.0000000000000        1.4999999999999989       -2.0669511064815183      -0.56695110648151936        2.0008300571916493E-014   1.1918244169351055E-013  -1.5892842597509116E-013
   9250.0000000000000        1.4867197342535128       -2.0501377194585775      -0.56341798520506470       -6.8806071951144077E-014   1.7374990335383700E-013  -2.1403365191297041E-013
   9300.0000000000000        1.4999999999999987       -2.0546806120300496      -0.55468061203005092       -2.1982415887578100E-014   1.6986412276764895E-013  -2.2012947020755291E-013
   9350.0000000000000        1.4963603880843750       -2.0516311200105926      -0.55527073192621756       -8.0380146982861334E-014   1.5343282200319663E-013  -2.0916601783937949E-013
   9400.0000000000000        1.5000000000000016       -2.0534543416586750      -0.55345434165867347       -1.1068923555512811E-013   1.3000711618360583E-013  -1.7097434579227411E-013
   9450.0000000000000        1.5090289499910037       -2.0629568054982164      -0.55392785550721269       -2.3758772726978350E-014   1.3788969965844444E-013  -2.4313884239290928E-013
   9500.0000000000000        1.4999999999999944       -2.0413109485382925      -0.54131094853829809       -4.0467629247586956E-014   1.3938850074168840E-013  -2.6822988274943782E-013
   9550.0000000000000        1.5136311475522315       -2.0546050245774019      -0.54097387702517041       -5.7731597280508140E-015   1.6542323066914832E-013  -1.4088730182493236E-013
   9600.0000000000000        1.5000000000000022       -2.0639000093387541      -0.56390000933875184       -5.6177285046032921E-014   1.7852386235972517E-013  -1.7386092565629951E-013
   9650.0000000000000        1.4839174796484722       -2.0502542691026497      -0.56633678945417754        7.3274719625260332E-015   1.2817524819297432E-013  -2.6978419498391304E-013
   9700.0000000000000        1.5000000000000020       -2.0633663963318951      -0.56336639633189312        4.7795101210112989E-014   1.5321077739827160E-013  -2.7018665083033966E-013
   9750.0000000000000        1.5051116236948183       -2.0689434445504666      -0.56383182085564831       -2.1094237467877974E-014   1.4011014570769476E-013  -1.9007018181582680E-013
   9800.0000000000000        1.5000000000000058       -2.0783881555510155      -0.57838815555100975        7.0653552453059376E-014   8.7596596642924851E-014  -3.1297187064183163E-013
   9850.0000000000000        1.5082236046251021       -2.0878476262339851      -0.57962402160888304        9.9725783186954686E-014   1.3489209749195652E-013  -2.2891410988989946E-013
   9900.0000000000000        1.4999999999999987       -2.0836124766489768      -0.58361247664897808        6.1339822110539899E-014   2.8516078387497146E-013  -2.0444756998472258E-013
   9950.0000000000000        1.4855538738933896       -2.0712175758952465      -0.58566370200185691        1.5187850976872141E-013   1.9806378759312793E-013  -1.3233858453531866E-013
   10000.000000000000        1.4999999999999971       -2.0742521633276580      -0.57425216332766094       -2.1649348980190553E-014   1.4803436254595681E-013  -2.5401902803423582E-013
   10050.000000000000        1.5059150222801863       -2.0791625825035824      -0.57324756022339618        9.8199226528095096E-014   3.6498581934552021E-014  -2.5446311724408588E-013
   10100.000000000000        1.5000000000000029       -2.0718406822145057      -0.57184068221450279        1.2112533198660458E-013   1.1612932837579137E-013  -1.7941204077942530E-013
   10150.000000000000        1.4783451424593383       -2.0491924995145081      -0.57084735705516976        8.6597395920762210E-014   1.2452538999951912E-013  -2.0166507352925578E-013
   10200.000000000000        1.5000000000000053       -2.0700497654473993      -0.57004976544739394        1.2156942119645464E-013   1.4427348205003909E-013  -9.1260332624187868E-014
   10250.000000000000        1.5012567199410736       -2.0710800453128413      -0.56982332537176772        1.5476508963274682E-013   2.7644553313166398E-014  -2.0516921495072893E-013
   10300.000000000000        1.5000000000000087       -2.0678020385059903      -0.56780203850598165        1.7286172493413687E-013   1.0674794381770880E-013  -1.7996715229173788E-013
   10350.000000000000        1.5233078523977435       -2.0919596153078559      -0.56865176291011243        2.5002222514558525E-013   4.0301095793893182E-014  -1.8574031201978869E-013
   10400.000000000000        1.5000000000000004       -2.0821276244650986      -0.58212762446509814        1.1923795284474181E-013   5.4845017416482733E-014  -2.3162374795937524E-013
   10450.000000000000        1.4882927767051244       -2.0702051462834721      -0.58191236957834769        9.6700425444851135E-014   6.4392935428259079E-014  -1.4843681839238343E-013
   10500.000000000000        1.5000000000000111       -2.0760151861929028      -0.57601518619289171        2.1915802506100590E-013   1.3614283311813580E-013  -2.7516877665334505E-013
   10550.000000000000        1.4978766807356108       -2.0725500079667607      -0.57467332723114994        1.2967404927621828E-013   1.9162449405030202E-013  -2.3528401449368630E-013
   10600.000000000000        1.4999999999999996       -2.0484426861713936      -0.54844268617139402        1.8085533071143800E-013   2.1493917756743031E-013  -2.6889601656421291E-013
   10650.000000000000        1.5201290899802886       -2.0664545287558198      -0.54632543877553119        1.4399592629388280E-013   2.0006218903745321E-013  -2.2326585025211898E-013
   10700.000000000000        1.4999999999999918       -2.0582990597910560      -0.55829905979106420        1.8642032362237160E-013   1.6475709685437323E-013  -2.3199497878323427E-013
   10750.000000000000        1.4993103306080720       -2.0588672055713673      -0.55955687496329531       -6.1617377866696188E-015   2.1560531138220540E-013  -2.1743717937283691E-013
   10800.000000000000        1.5000000000000024       -2.0468236977175778      -0.54682369771757533        1.4739598430679735E-013   2.7894700438402253E-013  -2.5413005033669833E-013
   10850.000000000000        1.5116857893755586       -2.0579938435408369      -0.54630805416527828        8.7402307613615449E-014   2.6182528367613145E-013  -2.9887203822909214E-013
   10900.000000000000        1.4999999999999973       -2.0527145085107046      -0.55271450851070725        1.0247358517290195E-013   2.5701663020072374E-013  -2.7933211299568939E-013
   10950.000000000000        1.5145068680935290       -2.0670490307365066      -0.55254216264297762        1.2256862191861728E-013   2.0372592501871623E-013  -2.4884087845844505E-013
   11000.000000000000        1.4999999999999980       -2.0547150847367508      -0.55471508473675279        9.5923269327613525E-014   2.5163204853129173E-013  -2.3339663535182353E-013
   11050.000000000000        1.5221952130867971       -2.0762429691724607      -0.55404775608566359        1.3367085216486885E-013   2.3833712781140548E-013  -2.4902302442342261E-013
   11100.000000000000        1.4999999999999976       -2.0476121710730042      -0.54761217107300664        7.1498362785860081E-014   1.9168000520153328E-013  -2.9753977059954195E-013
   11150.000000000000        1.4906064641436170       -2.0358945278667089      -0.54528806372309191        1.2545520178264269E-013   2.0317081350640365E-013  -1.9828583219805296E-013
   11200.000000000000        1.4999999999999962       -2.0436383819479165      -0.54363838194792025        1.3050671654468715E-013   2.2329360582773461E-013  -2.7533531010703882E-013
   11250.000000000000        1.5104685558816084       -2.0539130628732996      -0.54344450699169111        4.6310177914676842E-014   1.3389289676979388E-013  -3.3439917501709715E-013
   11300.000000000000        1.4999999999999991       -2.0462435734741602      -0.54624357347416108        1.1279865930191590E-013   1.8185453143360064E-013  -2.2346013928142838E-013
   11350.000000000000        1.5224078335375555       -2.0702784141890453      -0.54787058065148986        5.3068660577082483E-014   2.3853141684071488E-013  -2.5093122024699710E-013
   11400.000000000000        1.5000000000000016       -2.0682564473223146      -0.56825644732231306        9.2204022195119251E-014   2.3159252293680765E-013  -2.8199664825478976E-013
   11450.000000000000        1.4880589010056069       -2.0575466968422096      -0.56948779583660269        7.6938455606523348E-014   2.5934809855243657E-013  -2.5339452758288417E-013
   11500.000000000000        1.4999999999999947       -2.0644430584339770      -0.56444305843398235        1.1834977442504169E-013   2.2515322939398175E-013  -3.5493830097266255E-013
   11550.000000000000        1.4966479249465483       -2.0604042319280573      -0.56375630698150903        1.0727529975440575E-013   2.2359891715950653E-013  -1.9925727734459997E-013
   11600.000000000000        1.5000000000000013       -2.0704569497499623      -0.57045694974996097        1.4335754805472334E-013   2.4125146325104652E-013  -2.3880897259687117E-013
   11650.000000000000        1.5049215754772396       -2.0763140450087270      -0.57139246953148737        4.1744385725905886E-014   2.6245672302138701E-013  -2.2570834090629432E-013
   11700.000000000000        1.4999999999999976       -2.0930916276648008      -0.59309162766480328        1.1612932837579137E-013   3.1263880373444408E-013  -1.9528823003156504E-013
   11750.000000000000        1.5156512268525677       -2.1105379752467970      -0.59488674839422928        1.6386891843467311E-013   3.4361402612148595E-013  -2.0797252808790745E-013
   11800.000000000000        1.4999999999999971       -2.0862567756386512      -0.58625677563865408        1.0791367799356522E-013   2.5779378631796135E-013  -2.1860291354869332E-013
   11850.000000000000        1.5094362387631144       -2.0946466867310227      -0.58521044796790833        6.3837823915946501E-014   2.5612845178102361E-013  -2.0383694732117874E-013
   11900.000000000000        1.4999999999999909       -2.0848983221065689      -0.58489832210657799        1.2800871473928055E-013   2.4302782009044677E-013  -1.1737832927849468E-013
   11950.000000000000        1.4922023075461874       -2.0776774595088483      -0.58547515196266087        1.2079226507921703E-013   3.0619951019161817E-013  -2.0775048348298242E-013
   12000.000000000000        1.5000000000000002       -2.0814767663514644      -0.58147676635146417        1.0169642905566434E-013   2.1221913115709867E-013  -2.9110047705671604E-013
   12050.000000000000        1.4982068554051484       -2.0779499425252976      -0.57974308712014921        8.1268325402561459E-014   3.4167113582839193E-013  -2.9698465908722937E-013
   12100.000000000000        1.4999999999999947       -2.0428302622151278      -0.54283026221513309        1.0946799022804043E-013   1.9573231924141510E-013  -2.3619994848900205E-013
   12150.000000000000        1.5151323906166472       -2.0563639479959064      -0.54123155737925921        5.8619775700208265E-014   2.5424107263916085E-013  -2.4057839054236752E-013
   12200.000000000000        1.5000000000000000       -2.0407597760004603      -0.54075977600046032       -2.2204460492503131E-014   1.7152945730458669E-013  -2.1793677973391823E-013
   12250.000000000000        1.5083703935219837       -2.0494255408650015      -0.54105514734301785        5.8425486670898863E-014   2.7178259642823832E-013  -1.0114131754335176E-013
   12300.000000000000        1.4999999999999953       -2.0437751997787603      -0.54377519977876498        8.9928064994637680E-014   2.3891999489933369E-013  -2.1288526497187377E-013
   12350.000000000000        1.5166322931282890       -2.0602103779027336      -0.54357808477444469        2.6756374893466273E-014   2.6201263381153694E-013  -2.0294876890147862E-013
   12400.000000000000        1.5000000000000031       -2.0637109784908181      -0.56371097849081497        8.6292084588990292E-014   1.4699352846037073E-013  -1.9870216583228739E-013
   12450.000000000000        1.4701823144422057       -2.0327839487460317      -0.56260163430382604        6.3060667798708891E-014   1.6198153929281034E-013  -1.8907098109366416E-013
   12500.000000000000        1.5000000000000084       -2.0452691099358731      -0.54526910993586464       -1.3822276656583199E-014   1.7907897387203775E-013  -1.8443579996585413E-013
   12550.000000000000        1.5112530079131121       -2.0577855761578863      -0.54653256824477414       -5.4456439357863928E-014   1.3489209749195652E-013  -1.3961054534661343E-013
   12600.000000000000        1.5000000000000007       -2.0512909059270394      -0.55129090592703878        1.4058199049316045E-013   1.3988810110276972E-013  -1.3911094498553211E-013
   12650.000000000000        1.5187854177490141       -2.0716064678553909      -0.55282105010637683        8.9039886574937555E-014   1.7585932710062480E-013  -2.1926904736346842E-013
   12700.000000000000        1.5000000000000013       -2.0779102785192243      -0.57791027851922294        1.6986412276764895E-014   1.9206858326015208E-013  -1.9029222642075183E-013
   12750.000000000000        1.4928683986188480       -2.0700194101250586      -0.57715101150621062       -1.3322676295501878E-015   1.7844146299461627E-013  -1.6608936448392342E-013
   12800.000000000000        1.5000000000000075       -2.0674456059404380      -0.56744560594043048       -3.4861002973229915E-014   2.1704860131421810E-013  -2.0911744558205214E-013
   12850.000000000000        1.4965148348520656       -2.0657351040940042      -0.56922026924193858        4.0634162701280729E-014   1.7463808177353712E-013  -1.4477308241112041E-013
   12900.000000000000        1.4999999999999991       -2.0821503394155614      -0.58215033941556227       -1.2434497875801753E-014   3.1463720517876936E-013  -1.7175150190951172E-013
   12950.000000000000        1.4905811803872229       -2.0711663243277592      -0.58058514394053629       -2.1177504194724861E-014   2.0228263508670352E-013  -1.6087131626818518E-013
   13000.000000000000        1.4999999999999993       -2.0691891956653663      -0.56918919566536696       -6.8833827526759706E-015   2.5125734826048074E-013  -2.2015722578316854E-013
   13050.000000000000        1.5031150760683580       -2.0711359500948996      -0.56802087402654156        8.4099394115355608E-014   1.7395807017095422E-013  -1.8696155734687636E-013
   13100.000000000000        1.5000000000000053       -2.0829894403527209      -0.58298944035271560        1.6320278461989801E-014   1.6117662759995710E-013  -2.6656454821250009E-013
   13150.000000000000        1.4992621044778534       -2.0853309994154170      -0.58606889493756364       -5.8120175339126945E-014   1.8662849043948881E-013  -2.2079560402232801E-013
   13200.000000000000        1.4999999999999969       -2.0738864296271036      -0.57388642962710668        4.4797499043625066E-014   2.6618984794168910E-013  -2.4513724383723456E-013
   13250.000000000000        1.5213908220993477       -2.0961039308799245      -0.57471310878057680        1.0047518372857667E-013   2.4535928844215960E-013  -2.0319856908201928E-013
   13300.000000000000        1.4999999999999956       -2.1025980865869625      -0.60259808658696690        9.2703622556200571E-014   2.5307533846330443E-013  -2.4691360067663481E-013
   13350.000000000000        1.4919529429493754       -2.0961679298442566      -0.60421498689488118        1.1024514634527804E-013   2.8077540292770209E-013  -1.9095836023552692E-013
   13400.000000000000        1.5000000000000011       -2.1144262976417521      -0.61442629764175094        2.7755575615628914E-015   2.9776181520446698E-013  -1.8829382497642655E-013
   13450.000000000000        1.5029984591586472       -2.1187025260660461      -0.61570406690739898        6.3504757008558954E-014   2.4752422334017865E-013  -1.9850787680297799E-013
   13500.000000000000        1.5000000000000020       -2.1116275728392790      -0.61162757283927704        2.5868196473766147E-014   2.7977620220553945E-013  -2.0250467969162855E-013
   13550.000000000000        1.5022916691285169       -2.1148001390578401      -0.61250846992932328        3.5471625636773751E-014   2.7755575615628914E-013  -2.3445134722521743E-013
   13600.000000000000        1.4999999999999998       -2.1251128072414049      -0.62511280724140517       -1.8224310949221945E-013   2.7078339570607568E-013  -1.3633538742396922E-013
   13650.000000000000        1.4966851485701669       -2.1204167397910205      -0.62373159122085364        6.6613381477509392E-014   3.4050540165253551E-013  -1.6409096303959814E-013
   13700.000000000000        1.4999999999999927       -2.1061184124266754      -0.60611841242668274        7.6882944455292090E-014   2.8976820942716586E-013  -1.9118040484045196E-013
   13750.000000000000        1.4950074723876099       -2.1006747251165954      -0.60566725272898547        8.5487172896137054E-014   4.8394621643410574E-013  -2.4558133304708463E-013
   13800.000000000000        1.4999999999999991       -2.0893726225554219      -0.58937262255542278        1.9095836023552692E-014   3.3151259515307174E-013  -2.5493496202955157E-013
   13850.000000000000        1.5099178576924597       -2.0995772323501614      -0.58965937465770168       -2.3425705819590803E-014   2.8621549574836536E-013  -2.6090241078691179E-013
   13900.000000000000        1.4999999999999996       -2.0928777183783147      -0.59287771837831515       -1.0325074129013956E-014   2.5801583092288638E-013  -2.2759572004815709E-013
   13950.000000000000        1.4934686971766002       -2.0863623708959667      -0.59289367371936641       -2.9976021664879227E-015   2.5424107263916085E-013  -2.0605739337042905E-013
   14000.000000000000        1.5000000000000009       -2.0853155635359086      -0.58531556353590775        1.8873791418627661E-014   2.7966517990307693E-013  -1.9750867608081535E-013
   14050.000000000000        1.4994257026492530       -2.0848151454581787      -0.58538944280892569       -8.7707618945387367E-015   2.3869795029440866E-013  -2.6051383272829298E-013
   14100.000000000000        1.4999999999999927       -2.0698094886010217      -0.56980948860102898        2.0206059048177849E-014   3.6393110747212631E-013  -2.2915003228263231E-013
   14150.000000000000        1.5084397103099556       -2.0781334788422412      -0.56969376853228559        7.3774319986341652E-014   2.1449508835758024E-013  -2.2748469774569458E-013
   14200.000000000000        1.5000000000000013       -2.0901472806089108      -0.59014728060890942        5.9785509876064680E-014   1.9506618542664000E-013  -2.2229440510557197E-013
   14250.000000000000        1.4952973806553798       -2.0847594267226315      -0.58946204606725172        8.3044682241961709E-014   2.0938806244430452E-013  -2.7555735471196385E-013
   14300.000000000000        1.5000000000000058       -2.1114326615174512      -0.61143266151744546        5.3179682879544998E-014   1.4632739464559563E-013  -3.4638958368304884E-013
   14350.000000000000        1.4886711467131979       -2.0991009211514795      -0.61042977443828161        1.5210055437364645E-013   1.6231460620019789E-013  -1.6142642778049776E-013
   14400.000000000000        1.5000000000000053       -2.0906174300256026      -0.59061743002559730        1.6631140908884845E-013   2.4158453015843406E-013  -2.4469315462738450E-013
   14450.000000000000        1.4812847825375035       -2.0705343309654780      -0.58924954842797450        1.5354384430565915E-013   2.2226664952995634E-013  -2.4247270857813419E-013
   14500.000000000000        1.4999999999999949       -2.0672126385593299      -0.56721263855933501        8.9039886574937555E-014   2.3525625891807067E-013  -2.4491519923230953E-013
   14550.000000000000        1.5099042221691179       -2.0794793692931832      -0.56957514712406532        6.6169292267659330E-014   2.1849189124623081E-013  -2.2080948181013582E-013
   14600.000000000000        1.4999999999999980       -2.0925612444761956      -0.59256124447619762        7.9825035470548755E-014   2.9198865547641617E-013  -2.3903101720179620E-013
   14650.000000000000        1.4785371084519463       -2.0684370768087526      -0.58989996835680625       -2.7422508708241367E-014   2.6845192735436285E-013  -1.5143442055887135E-013
   14700.000000000000        1.4999999999999991       -2.0720288274190635      -0.57202882741906436        5.9729998724833422E-014   1.1757261830780408E-013  -2.3980817331903381E-013
   14750.000000000000        1.4845715858757127       -2.0566275977335731      -0.57205601185786037        5.5511151231257827E-014   1.7130741269966165E-013  -2.0317081350640365E-013
   14800.000000000000        1.5000000000000049       -2.0823585708980676      -0.58235857089806276        1.7763568394002505E-014   1.6625394637370672E-013  -1.3056222769591841E-013
   14850.000000000000        1.5036090777477280       -2.0876790078344469      -0.58406993008671892        8.7041485130612273E-014   1.7208456881689926E-013  -1.7175150190951172E-013
   14900.000000000000        1.5000000000000047       -2.0918056848814399      -0.59180568488143526        8.1490370007486490E-014   8.2378548427186615E-014  -2.0825008384406374E-013
   14950.000000000000        1.5078211980981464       -2.1010589195985134      -0.59323772150036702        2.1593837828959295E-014   1.2478906796786760E-013  -1.8540724511240114E-013
   15000.000000000000        1.5000000000000007       -2.0933557907767657      -0.59335579077676504        2.7977620220553945E-014   1.0946799022804043E-013  -1.1168843627729075E-013
   15050.000000000000        1.4966686876913580       -2.0883291359648748      -0.59166044827351683        8.1046280797636427E-015   2.5401902803423582E-013  -1.3478107518949400E-013
   15100.000000000000        1.4999999999999889       -2.0859421159975708      -0.58594211599758195        4.3132164506687332E-014   2.7045032879868813E-013  -9.0039087297100195E-014
   15150.000000000000        1.4835511794530463       -2.0666493179259815      -0.58309813847293523        4.4630965589931293E-014   1.4566126083082054E-013  -4.3187675657918589E-014
   15200.000000000000        1.4999999999999953       -2.0767559646152396      -0.57675596461524425       -2.3536728122053319E-014   1.4460654895742664E-013  -3.7081449022480228E-014
   15250.000000000000        1.4997746439682866       -2.0765011421959247      -0.57672649822763811        6.7529315472825147E-014   1.9616253066345735E-013  -1.2490009027033011E-015
   15300.000000000000        1.5000000000000075       -2.0839141558918213      -0.58391415589181372        7.1442851634628823E-014   1.7524870443708096E-013  -7.5717210279435676E-014
   15350.000000000000        1.5027382531515292       -2.0888024136239260      -0.58606416047239684        1.5987211554602254E-014   1.7952306308188781E-013  -3.7525538232330291E-014
   15400.000000000000        1.4999999999999916       -2.0890531496495961      -0.58905314964960453        1.5432100042289676E-014   1.7819079545233762E-013  -1.2276291094792668E-013
   15450.000000000000        1.4953863305444401       -2.0866376343786515      -0.59125130383421132       -4.4630965589931293E-014   1.2678746941219288E-013  -9.6422869688694846E-014
   15500.000000000000        1.4999999999999991       -2.1020260687464525      -0.60202606874645337       -2.3203661214665772E-014   1.5343282200319663E-013  -8.2774065379709327E-014
   15550.000000000000        1.4846059085762044       -2.0880503863884070      -0.60344447781220256       -5.8758553578286410E-014   1.5976109324356003E-013  -1.2634338020234281E-013
   15600.000000000000        1.4999999999999958       -2.0922266227395592      -0.59222662273956339       -3.7081449022480228E-014   2.1849189124623081E-013  -7.7049477908985864E-014
   15650.000000000000        1.5054045804907119       -2.0963963327622674      -0.59099175227155554        1.9428902930940239E-016   1.9342860646531790E-013  -1.4382939284018903E-013
   15700.000000000000        1.4999999999999931       -2.0841604707410251      -0.58416047074103195        4.9452629491408828E-015   1.3333778525748130E-013  -1.0358380819752711E-013
   15750.000000000000        1.4994549341882595       -2.0838325997927316      -0.58437766560447213       -3.6446540230272717E-014   7.8437256689767310E-014  -1.0694223284701820E-013
   15800.000000000000        1.5000000000000013       -2.1176330825160967      -0.61763308251609539       -1.3433698597964394E-014   1.1168843627729075E-013  -1.9109713811360507E-013
   15850.000000000000        1.4805271374401514       -2.0963879080713310      -0.61586077063117961       -1.0347278589506459E-013   1.3516965324811281E-013  -1.5143442055887135E-013
   15900.000000000000        1.4999999999999978       -2.0886871520999333      -0.58868715209993550       -1.6285583992470265E-014   8.4710016778899444E-014  -8.5820239803524601E-014
   15950.000000000000        1.5022399236654376       -2.0926823506544556      -0.59044242698901805       -5.9841021027295938E-014   1.2836953722228372E-013  -1.7408297026122455E-013
   16000.000000000000        1.4999999999999996       -2.1002172199210056      -0.60021721992100607       -3.1752378504279477E-014  -6.1617377866696188E-015  -7.8492767840998567E-014
   16050.000000000000        1.4814195884573649       -2.0812654227580598      -0.59984583430069494       -3.0198066269804258E-014   7.2872263778833712E-014  -1.2617684674864904E-013
   16100.000000000000        1.4999999999999931       -2.0983619545414003      -0.59836195454140717       -2.8865798640254070E-015   6.1700644593543075E-014  -1.6732101815186695E-013
   16150.000000000000        1.4954644113805107       -2.0948705249270114      -0.59940611354650075        5.5178084323870280E-014   1.0536710393083126E-013  -1.7719159473017498E-013
   16200.000000000000        1.5000000000000029       -2.1142081984572147      -0.61420819845721186        4.4408920985006262E-015   5.7842619582970656E-014  -1.1413092693146609E-013
   16250.000000000000        1.4898779515570406       -2.1037370502562811      -0.61385909869924049       -3.4527936065842368E-014   3.7303493627405260E-014  -1.8285373215576328E-013
   16300.000000000000        1.4999999999999991       -2.1019012753741761      -0.60190127537417704       -5.8397731095283234E-014   4.8461235024888083E-014  -5.6676885407114241E-014
   16350.000000000000        1.4928797895734529       -2.0939023156310279      -0.60102252605757500       -7.8159700933611020E-014   1.1131373600647976E-013  -1.5437651157412802E-013
   16400.000000000000        1.4999999999999902       -2.0781038081503342      -0.57810380815034401       -5.9507954119908391E-014   1.3546108679207691E-013  -1.7591483825185605E-013
   16450.000000000000        1.5106304224065250       -2.0856998071245165      -0.57506938471799152       -7.5717210279435676E-014   1.0635936575909000E-013  -1.6939227798218326E-013
   16500.000000000000        1.5000000000000018       -2.0752837089038532      -0.57528370890385139       -4.1799896877137144E-014   3.5194069880617462E-014  -2.3951673977506971E-013
   16550.000000000000        1.5009091414947797       -2.0766397440706492      -0.57573060257586950       -7.3274719625260332E-015   7.3052675020335300E-014  -2.9010127633455340E-013
   16600.000000000000        1.5000000000000060       -2.0833981451175010      -0.58339814511749499       -7.5828232581898192E-014   9.8254737679326354E-014  -2.6911806116913795E-013
   16650.000000000000        1.4918253700500195       -2.0764165920949034      -0.58459122204488390       -8.2329976169859265E-014   1.1768364061026659E-013  -1.9517720772910252E-013
   16700.000000000000        1.4999999999999996       -2.0734376515637738      -0.57343765156377424       -3.8372164603769909E-014   6.7112981838590713E-014  -2.5712765250318625E-013
   16750.000000000000        1.4847583779546460       -2.0571259728177851      -0.57236759486313904       -9.3258734068513149E-015   8.5931262105987116E-014  -2.1471713296250527E-013
   16800.000000000000        1.4999999999999960       -2.0366672213454353      -0.53666722134543932        2.6867397195928788E-014   8.0491169285323849E-014  -1.9773072068574038E-013
   16850.000000000000        1.5169831802737976       -2.0514747829564550      -0.53449160268265739       -1.0991901833179440E-013   1.0869083411080283E-013  -2.0339285811132868E-013
   16900.000000000000        1.4999999999999980       -2.0364754457289602      -0.53647544572896222       -4.8294701571194310E-015   4.1300296516055823E-014  -2.4491519923230953E-013
   16950.000000000000        1.5154415884336538       -2.0536270171426279      -0.53818542870897401       -3.5749181392930041E-014   7.5855988157513821E-014  -2.3914203950425872E-013
   17000.000000000000        1.4999999999999947       -2.0677083717979237      -0.56770837179792899       -6.4392935428259079E-015   7.6161299489285739E-014  -1.8512968935624485E-013
   17050.000000000000        1.4851933881855579       -2.0512758401227149      -0.56608245193715701       -9.9364960703951510E-014   8.4654505627668186E-014  -2.6691843180159935E-013
   17100.000000000000        1.5000000000000033       -2.0492251353706923      -0.54922513537068895       -6.5503158452884236E-014   1.2409517857747687E-013  -2.2876145422401351E-013
   17150.000000000000        1.4904436880199579       -2.0411831615340095      -0.55073947351405161       -2.9531932455029164E-014   6.2616578588858829E-014  -4.0056846728475648E-013
   17200.000000000000        1.5000000000000024       -2.0678511435925020      -0.56785114359249955       -8.3044682241961709E-014   1.1590728377086634E-013  -2.5368596112684827E-013
   17250.000000000000        1.4994135036617962       -2.0671608329685509      -0.56774732930675476        2.0872192862952943E-014   7.5939254884360707E-014  -2.8959473707956818E-013
   17300.000000000000        1.5000000000000031       -2.0655673362874789      -0.56556733628747580       -8.6375351315837179E-014   1.7053025658242404E-013  -1.9562129693895258E-013
   17350.000000000000        1.5131905993463048       -2.0783770051196604      -0.56518640577335555       -4.0412118096355698E-014   1.8296475445822580E-013  -2.8654856265575290E-013
   17400.000000000000        1.5000000000000051       -2.0671591288604803      -0.56715912886047515       -7.3718808835110394E-014   5.7731597280508140E-015  -3.1674662892555716E-013
   17450.000000000000        1.5204392242105003       -2.0904046850700873      -0.56996546085958699       -6.7945649107059580E-014   8.2600593032111647E-014  -2.9723445926777003E-013
   17500.000000000000        1.4999999999999998       -2.0649567692941311      -0.56495676929413130       -2.3980817331903381E-014   7.6827433304060833E-014  -2.6609270342703439E-013
   17550.000000000000        1.5191013998867138       -2.0840074831141497      -0.56490608322743596       -3.8857805861880479E-014   9.1038288019262836E-014  -1.9684254226604025E-013
   17600.000000000000        1.4999999999999936       -2.0930737247305928      -0.59307372473059927       -4.6740389336719090E-014   9.6034291630076041E-014  -2.8577140653851529E-013
   17650.000000000000        1.4860101627891775       -2.0811669051824406      -0.59515674239326311       -7.8936857050848630E-014   4.4575454438700035E-014  -2.6534330288541241E-013
   17700.000000000000        1.5000000000000031       -2.1013071926988953      -0.60130719269889221       -3.7858605139717838E-014   3.3972824553529790E-014  -2.8821389719269064E-013
   17750.000000000000        1.4844058880259379       -2.0843468751377854      -0.59994098711184751       -1.0880185641326534E-013   3.0156432906380815E-014  -1.9451107391432743E-013
   17800.000000000000        1.5000000000000007       -2.0652682409304193      -0.56526824093041861       -1.0569323194431490E-013   1.0547118733938987E-014  -2.1382895454280515E-013
   17850.000000000000        1.5043216184617438       -2.0686888128575709      -0.56436719439582705       -1.1546319456101628E-013  -7.1054273576010019E-015  -1.3633538742396922E-013
   17900.000000000000        1.4999999999999993       -2.0610904600288200      -0.56109046002882068       -6.9555472492766057E-014   6.1728400169158704E-014  -2.7940150193472846E-013
   17950.000000000000        1.5160827325445989       -2.0768667079826968      -0.56078397543809788       -1.6053824936079764E-013   8.1268325402561459E-014  -1.9229062786507711E-013
   18000.000000000000        1.4999999999999973       -2.0715373962797448      -0.57153739627974742       -1.1568523916594131E-013   8.6930462828149757E-014  -2.9848346017047334E-013
   18050.000000000000        1.5209534068387747       -2.0956056039082851      -0.57465219706951043       -1.1968204205459188E-013   6.8722805224297190E-014  -3.1763480734525729E-013
   18100.000000000000        1.5000000000000013       -2.0849626199777451      -0.58496261997774379       -1.0924594562311540E-013   8.5709217501062085E-014  -2.1327384303049257E-013
   18150.000000000000        1.5241812893661091       -2.1107561619875495      -0.58657487262144037       -6.5281113847959205E-014   5.7898130734201914E-014  -1.8587908989786683E-013
   18200.000000000000        1.5000000000000062       -2.1068019463089636      -0.60680194630895734       -9.6367358537463588E-014   1.3145040611561853E-013  -2.3503421431314564E-013
   18250.000000000000        1.5016867077963549       -2.1073443409745303      -0.60565763317817534       -9.9920072216264089E-014   1.0444423104161160E-013  -1.7030821197749901E-013
   18300.000000000000        1.4999999999999991       -2.1090635558054358      -0.60906355580543670       -1.1568523916594131E-013   1.1424194923392861E-013  -2.5635049638594865E-013
   18350.000000000000        1.5088241197845020       -2.1204494348304554      -0.61162531504595341       -1.5965007094109751E-013   2.0033974479360950E-013  -1.4904744105592727E-013
   18400.000000000000        1.5000000000000000       -2.1211566492573737      -0.62115664925737368       -5.5844218138645374E-014   6.4365179852643450E-014  -2.1160850849355484E-013
   18450.000000000000        1.5241318183592336       -2.1447869168286071      -0.62065509846937350       -8.8068441428390543E-014   7.3718808835110394E-014  -2.2079560402232801E-013
   18500.000000000000        1.4999999999999971       -2.1216272550903819      -0.62162725509038474       -9.0864815671665156E-014   5.1403326040144748E-014  -2.4091839634365897E-013
   18550.000000000000        1.4934750180295375       -2.1118661489900048      -0.61839113096046727       -8.9428464633556359E-014  -1.1435297153639112E-014  -1.8540724511240114E-013
   18600.000000000000        1.5000000000000155       -2.1092266268235620      -0.60922662682354645       -3.2085445411667024E-014   1.9151347174783950E-014  -1.5609735726229701E-013
   18650.000000000000        1.4796101115584257       -2.0889145262632707      -0.60930441470484498       -4.7517545453956700E-014  -7.2719608112947753E-015  -1.8396395518038844E-013
   18700.000000000000        1.5000000000000009       -2.0953871819647238      -0.59538718196472296        5.1181281435219717E-014   7.1387340483397566E-014  -1.9007018181582680E-013
   18750.000000000000        1.4950691881986882       -2.0882591563220698      -0.59318996812338165       -3.3306690738754696E-016  -1.6542323066914832E-014  -1.4221956945448255E-013
   18800.000000000000        1.4999999999999938       -2.0739143698852973      -0.57391436988530353        3.5305092183079978E-014   5.0626169922907138E-014  -1.8174350913113813E-013
   18850.000000000000        1.5002907362824829       -2.0740400500151153      -0.57374931373263238       -9.5479180117763462E-015   4.3520742565306136E-014  -1.6807388814044089E-013
   18900.000000000000        1.5000000000000031       -2.0833377384654073      -0.58333773846540415        8.1046280797636427E-014   1.4876988529977098E-014  -1.1918244169351055E-013
   18950.000000000000        1.5260334430128353       -2.1097729704625774      -0.58373952744974211        1.3089529460330596E-013   4.6629367034256575E-015  -1.0547118733938987E-013
   19000.000000000000        1.5000000000000031       -2.0762805538963423      -0.57628055389633914        7.7271522513910895E-014  -5.2985393850235596E-014  -1.0288991880713638E-013
   19050.000000000000        1.4930322331676451       -2.0692869289758500      -0.57625469580820488        1.0424994201230220E-013  -6.8833827526759706E-015  -6.0784710598227321E-014
   19100.000000000000        1.4999999999999982       -2.0919170040718500      -0.59191700407185177        3.9301895071730542E-014  -7.9825035470548755E-014  -1.4938050796331481E-013
   19150.000000000000        1.4924722347008015       -2.0866283059092527      -0.59415607120845126       -4.2188474935755949E-014  -9.9642516460107800E-015  -8.8429263911393718E-014
   19200.000000000000        1.4999999999999978       -2.0980533255507239      -0.59805332555072610        1.5543122344752192E-014  -4.9960036108132044E-014  -1.4810375148499588E-013
   19250.000000000000        1.5112731171269647       -2.1096928100139172      -0.59841969288695251        1.3211653993039363E-013  -1.9761969838327786E-014  -9.8809849191638932E-014
   19300.000000000000        1.5000000000000020       -2.0827100750616601      -0.58271007506165806        5.5955240441107890E-014   8.2572837456496018E-014  -1.3544720900426910E-013
   19350.000000000000        1.5083734453601370       -2.0897423957606867      -0.58136895040054970        8.2156503822261584E-014  -3.0642155479654321E-014  -1.5162870958818075E-013
   19400.000000000000        1.5000000000000062       -2.0660399142133530      -0.56603991421334676        1.4210854715202004E-013  -3.2501779045901458E-014  -1.5631940186722204E-013
   19450.000000000000        1.5057181229681462       -2.0704477592230717      -0.56472963625492545        1.0103029524088925E-013  -1.6875389974302379E-014  -1.4849232954361469E-013
   19500.000000000000        1.5000000000000115       -2.0831887396062756      -0.58318873960626405        1.3483658634072526E-013  -7.7715611723760958E-015  -1.4074852394685422E-013
   19550.000000000000        1.5131619704955104       -2.0981818694330139      -0.58501989893750350        1.5709655798445965E-013  -4.2521541843143495E-014  -1.8418599978531347E-013
   19600.000000000000        1.4999999999999998       -2.0813054906539379      -0.58130549065393811        1.2745360322696797E-013  -1.8735013540549517E-014  -1.8235413179468196E-013
   19650.000000000000        1.5022811643675906       -2.0847703942318159      -0.58248922986422524        1.5043521983670871E-013   5.1070259132757201E-015  -1.9687029784165588E-013
   19700.000000000000        1.5000000000000011       -2.0795087490701287      -0.57950874907012762        8.2045481519799068E-014   3.3362201889985954E-014  -9.9753538762570315E-014
   19750.000000000000        1.5245818910148503       -2.1023543005678231      -0.57777240955297282        1.4233059175694507E-013   4.2077452633293433E-014  -4.7684078907650473E-014
   19800.000000000000        1.5000000000000031       -2.0783034608949462      -0.57830346089494311        8.4487972173974413E-014   3.5527136788005009E-014  -1.0347278589506459E-013
   19850.000000000000        1.4738985700189553       -2.0488643907603943      -0.57496582074143898        1.8562928971732617E-013   3.2862601528904634E-014   2.5021651417489466E-014
   19900.000000000000        1.5000000000000020       -2.0364839759330042      -0.53648397593300223        1.2601031329495527E-013   1.1102230246251565E-015  -1.0713652187632761E-014
   19950.000000000000        1.4859382767189446       -2.0234185028567393      -0.53748022613779467        1.4521717162097048E-013   3.8302694349567901E-014  -1.1857181902996672E-013
   20000.000000000000        1.4999999999999944       -2.0549539048230714      -0.55495390482307694        1.4810375148499588E-013  -8.6597395920762210E-015  -1.3422596367718143E-013
