   100.00000000000000        1.4999999999999944       -1.8017298195114912      -0.30172981951149680        3.4217073618947325E-013   6.1284310959308641E-014  -5.0182080713057076E-014
   200.00000000000000        1.5000000000000051       -2.0487593841922234      -0.54875938419221826       -2.5868196473766147E-014   1.7902346272080649E-014   1.4344081478157023E-013
   300.00000000000000        1.4999999999999958       -2.1410866545496083      -0.64108665454961256        4.2910119901762300E-014   3.6174188644544358E-014   3.9523939676655573E-014
   400.00000000000000        1.4999999999999976       -2.1530991891413711      -0.65309918914137355        1.0380585280245214E-014   5.3484994211316916E-014  -7.5495165674510645E-015
   500.00000000000000        1.5000000000000000       -2.1838287133802106      -0.68382871338021056        4.1078251911130792E-014  -2.1815882433884326E-014  -6.2172489379008766E-014
   600.00000000000000        1.4999999999999929       -2.2027934430548179      -0.70279344305482505        3.5027536426923689E-014   7.5495165674510645E-015   2.3536728122053319E-014
   700.00000000000000        1.5000000000000016       -2.2073835029797388      -0.70738350297973729       -1.1546319456101628E-014   2.9004576518332215E-015   4.1217029789208937E-014
   800.00000000000000        1.5000000000000018       -2.2239123483713215      -0.72391234837131968        4.9737991503207013E-014  -5.9841021027295938E-014   8.3856532828718855E-015
   900.00000000000000        1.4999999999999969       -2.2314056570134846      -0.73140565701348770        1.4432899320127035E-014  -2.2537527399890678E-014  -2.1760371282653068E-014
   1000.0000000000000        1.5000000000000067       -2.2152049982965507      -0.71520499829654405       -3.5527136788005009E-014   8.7180263008690417E-014  -4.1078251911130792E-015
   1100.0000000000000        1.4999999999999951       -2.2143897974048667      -0.71438979740487163        4.4408920985006262E-014  -6.9944050551384862E-015  -9.9920072216264089E-015
   1200.0000000000000        1.5000000000000007       -2.2163424709035091      -0.71634247090350844        1.7097434579227411E-013   1.4988010832439613E-014  -9.2759133707431829E-014
   1300.0000000000000        1.4999999999999982       -2.2217543913969933      -0.72175439139699504       -1.6120438317557273E-013   2.2648549702353193E-014   1.7097434579227411E-014
   1400.0000000000000        1.4999999999999993       -2.2276617952002060      -0.72766179520020668        4.7517545453956700E-014   2.6645352591003757E-015   5.6177285046032921E-014
   1500.0000000000000        1.5000000000000020       -2.1919895237097919      -0.69198952370978994       -1.9539925233402755E-014   1.3322676295501878E-014   2.1538326677728037E-014
   1600.0000000000000        1.4999999999999900       -2.2217328155648395      -0.72173281556484947        5.3734794391857577E-014   3.7969627442180354E-014   7.7493567118835927E-014
   1700.0000000000000        1.5000000000000009       -2.2054435715317506      -0.70544357153174975        1.5853984791647235E-013   7.6272321791748254E-014   8.7485574340462335E-014
   1800.0000000000000        1.4999999999999980       -2.2074811472894331      -0.70748114728943512        4.4408920985006262E-015   1.0158540675320182E-013   8.0491169285323849E-014
   1900.0000000000000        1.4999999999999878       -2.2104813891528350      -0.71048138915284720       -2.7977620220553945E-014   2.0539125955565396E-014   2.5091040356528538E-014
   2000.0000000000000        1.4999999999999947       -2.2282061671937696      -0.72820616719377496       -1.5232259897857148E-013   3.6075309406413680E-014   5.2624571367232420E-014
   2100.0000000000000        1.4999999999999942       -2.2093083997977199      -0.70930839979772564        3.0198066269804258E-014  -6.2103100439969694E-016   1.6904533328698790E-013
   2200.0000000000000        1.5000000000000007       -2.1930818654272413      -0.69308186542724060       -8.2378548427186615E-014   2.6201263381153694E-014   8.5931262105987116E-014
   2300.0000000000000        1.4999999999999976       -2.2072581723138640      -0.70725817231386645        6.6724403779971908E-014   1.5709655798445965E-013   9.1926466438962962E-014
   2400.0000000000000        1.4999999999999998       -2.2447769375754518      -0.74477693757545205       -6.4837024638109142E-014   8.6763929374455984E-014   7.5051076464660582E-014
   2500.0000000000000        1.5000000000000000       -2.2254761026955716      -0.72547610269557161       -9.1093799170494094E-014   9.4591001698063337E-014   1.5933088182151778E-013
   2600.0000000000000        1.5000000000000033       -2.2169622239491633      -0.71696222394915998       -8.7495982681318196E-014   3.2696068075210860E-014   1.4011014570769476E-013
   2700.0000000000000        1.5000000000000069       -2.2208283386054828      -0.72082833860547590       -2.2093438190040615E-014   1.2123635428906709E-013   1.8553214520267147E-013
   2800.0000000000000        1.5000000000000018       -2.2068241870613816      -0.70682418706137984       -3.5660363550960028E-013   2.6845192735436285E-013   7.5550676825741903E-014
   2900.0000000000000        1.5000000000000071       -2.2110327536463616      -0.71103275364635454       -1.6486811915683575E-013   8.3349993573733627E-014   4.5130565951012613E-014
   3000.0000000000000        1.4999999999999942       -2.2073455307022631      -0.70734553070226891       -2.8352320491364935E-014   9.4146912488213275E-014   2.9976021664879227E-014
   3100.0000000000000        1.5000000000000024       -2.2079122410093057      -0.70791224100930328        1.3322676295501878E-014   1.4410694859634532E-013   8.2156503822261584E-014
   3200.0000000000000        1.4999999999999998       -2.2096152642508198      -0.70961526425082000       -1.3433698597964394E-013   1.5809575870662229E-013  -3.4416913763379853E-014
   3300.0000000000000        1.4999999999999993       -2.2133511391266185      -0.71335113912661918       -1.4344081478157023E-013   1.7896795156957523E-013   1.4543921622589551E-014
   3400.0000000000000        1.4999999999999991       -2.2289389530212396      -0.72893895302124045       -1.1080025785759062E-013   1.6548568071428349E-013   2.8310687127941492E-014
   3500.0000000000000        1.5000000000000022       -2.2731373743616357      -0.77313737436163343       -1.3189449532546860E-013   1.6292522886374172E-013  -6.2727600891321345E-015
   3600.0000000000000        1.5000000000000020       -2.2710332836106830      -0.77103328361068102       -1.0680345496894006E-013   1.9562129693895258E-013  -1.0214051826551440E-013
   3700.0000000000000        1.5000000000000011       -2.2646153784951548      -0.76461537849515371       -1.3922196728799463E-013   3.7303493627405260E-014  -1.8238882626420150E-014
   3800.0000000000000        1.4999999999999998       -2.2625307343180094      -0.76253073431800966        1.0300094110959890E-013   1.1646239528317892E-013   2.5118795932144167E-014
   3900.0000000000000        1.5000000000000049       -2.2655079471929969      -0.76550794719299198       -1.2267964422107980E-013   1.1279865930191590E-013   3.0100921755149557E-014
   4000.0000000000000        1.4999999999999911       -2.2645893332076761      -0.76458933320768496       -5.5067062021407764E-014   1.2706502516834917E-013   2.2537527399890678E-014
   4100.0000000000000        1.5000000000000107       -2.2795604019786624      -0.77956040197865173        4.5519144009631418E-014   1.7008616737257398E-013   2.1760371282653068E-014
   4200.0000000000000        1.5000000000000131       -2.2579823770606287      -0.75798237706061555        1.8651746813702630E-014   2.9776181520446698E-013   1.3056222769591841E-013
   4300.0000000000000        1.4999999999999993       -2.2587124165467540      -0.75871241654675470       -1.4654943925052066E-014   1.4110934642985740E-013   1.0036416142611415E-013
   4400.0000000000000        1.5000000000000024       -2.2496368389715995      -0.74963683897159705       -2.5868196473766147E-014   1.3011813848606835E-013   7.3052675020335300E-014
   4500.0000000000000        1.4999999999999989       -2.2330657969746559      -0.73306579697465701       -4.8294701571194310E-014   1.2345680033831741E-013   5.0459636469213365E-014
   4600.0000000000000        1.5000000000000058       -2.2314382652599334      -0.73143826525992761        1.5162177069427685E-013   8.0047080075473787E-014  -1.5543122344752192E-015
   4700.0000000000000        1.4999999999999947       -2.2534678663948320      -0.75346786639483732        7.5495165674510645E-014   1.7941204077942530E-013   4.4853010194856324E-014
   4800.0000000000000        1.4999999999999980       -2.2364084477718134      -0.73640844777181536        7.1054273576010019E-015   2.0888846208322320E-013   8.6597395920762210E-014
   4900.0000000000000        1.5000000000000029       -2.2357885620679285      -0.73578856206792564        1.5820678100908481E-014   2.1060930777139220E-013   8.5265128291212022E-014
   5000.0000000000000        1.5000000000000020       -2.2383248185271931      -0.73832481852719112        6.0285110237146000E-014   7.2077760426836335E-014   1.3455903058456897E-013
   5100.0000000000000        1.4999999999999984       -2.2370954319070724      -0.73709543190707394        1.8074430840897548E-013   7.1692651815169484E-014   1.2267964422107980E-013
   5200.0000000000000        1.4999999999999893       -2.2323458834920218      -0.73234588349203245        4.9737991503207013E-014   1.9295676167985221E-013   6.1728400169158704E-014
   5300.0000000000000        1.5000000000000031       -2.2357562972267293      -0.73575629722672620        2.8888003100746573E-013   1.8000878565516132E-013   1.5987211554602254E-014
   5400.0000000000000        1.4999999999999907       -2.2397500942009683      -0.73975009420097759        9.0816243414337805E-014   1.8324231021438209E-013   6.8167693711984612E-014
   5500.0000000000000        1.4999999999999971       -2.2556753060931141      -0.75567530609311695        5.1958437552457326E-014   1.0713652187632761E-013   4.6115888885367440E-014
   5600.0000000000000        1.5000000000000011       -2.2856669930101861      -0.78566699301018494        4.8849813083506888E-015   1.1124434706744069E-013  -4.4408920985006262E-016
   5700.0000000000000        1.4999999999999998       -2.2991638459763122      -0.79916384597631240        1.7086332348981159E-013   5.3401727484470030E-014  -6.3948846218409017E-014
   5800.0000000000000        1.5000000000000071       -2.2984175955256423      -0.79841759552563518        1.5121237595394632E-013   3.2418512319054571E-014   5.0626169922907138E-014
   5900.0000000000000        1.5000000000000024       -2.3054026495925068      -0.80540264959250440        1.6320278461989801E-013  -2.0650148258027912E-014  -2.4424906541753444E-014
   6000.0000000000000        1.4999999999999978       -2.3003630924679470      -0.80036309246794923        1.0336176359260207E-013  -2.4980018054066022E-014   5.1958437552457326E-014
   6100.0000000000000        1.5000000000000047       -2.2824008818425021      -0.78240088184249745        1.3322676295501878E-014   6.9028116556069108E-014   5.7953641885433171E-014
   6200.0000000000000        1.4999999999999967       -2.2748576430822847      -0.77485764308228799        1.0680345496894006E-013   5.7509552675583109E-014   2.6978419498391304E-014
   6300.0000000000000        1.5000000000000009       -2.2634828967864182      -0.76348289678641734        1.2256862191861728E-013   3.5388358909926865E-016   5.4178883601707639E-014
   6400.0000000000000        1.4999999999999880       -2.2560002304298989      -0.75600023042991094        4.8516746176119341E-014  -4.1244785364824565E-014   4.9182879990894435E-014
   6500.0000000000000        1.5000000000000013       -2.2434551013299924      -0.74345510132999104        6.9388939039072284E-014   3.1863400806741993E-014   2.7533531010703882E-014
   6600.0000000000000        1.5000000000000053       -2.2500930928252929      -0.75009309282528758        1.6625589793761719E-013  -1.8429702208777599E-014   3.8663516832571077E-014
   6700.0000000000000        1.5000000000000009       -2.2255556393453122      -0.72555563934531131        1.0422218643668657E-013  -3.4861002973229915E-014   5.8175686490358203E-014
   6800.0000000000000        1.5000000000000018       -2.2350543406027525      -0.73505434060275077        1.5134421493812056E-013  -6.4170890823334048E-014   1.0441647546599597E-013
   6900.0000000000000        1.4999999999999989       -2.2516458519738749      -0.75164585197387601        1.1324274851176597E-013  -9.9753538762570315E-014   9.6589403142388619E-014
   7000.0000000000000        1.4999999999999993       -2.2309689945028799      -0.73096899450288055        1.2434497875801753E-013  -2.7755575615628914E-014   5.9507954119908391E-014
   7100.0000000000000        1.5000000000000047       -2.2407691197708393      -0.74076911977083459        8.2822637637036678E-014  -5.5622173533720343E-014   1.1524114995609125E-013
   7200.0000000000000        1.5000000000000051       -2.2584911425023200      -0.75849114250231486        3.8635761256955448E-014  -5.4317661479785784E-014   8.6264329013374663E-014
   7300.0000000000000        1.4999999999999967       -2.2626145969331737      -0.76261459693317701        6.1284310959308641E-014  -5.2791104820926193E-014   1.0802470029602773E-013
   7400.0000000000000        1.5000000000000004       -2.2700163302742831      -0.77001633027428262        1.1235457009206584E-013   6.9944050551384862E-015   1.7391643680753077E-013
   7500.0000000000000        1.5000000000000071       -2.2875425037639419      -0.78754250376393475        1.8984813721090177E-013   1.6153745008296028E-014   6.8556271770603416E-014
   7600.0000000000000        1.5000000000000087       -2.2714840810372876      -0.77148408103727895        1.6669998714746725E-013   8.1379347705023974E-014  -2.8421709430404007E-014
   7700.0000000000000        1.5000000000000031       -2.2764540584455051      -0.77645405844550197        1.9539925233402755E-013   9.8879238130678004E-015   5.7898130734201914E-014
   7800.0000000000000        1.4999999999999967       -2.2886616278739669      -0.78866162787397021        8.8595797365087492E-014   4.0190073491430667E-014   7.4384942649885488E-014
   7900.0000000000000        1.4999999999999993       -2.2994633944187863      -0.79946339441878700        1.7308376953906190E-013   5.5511151231257827E-014   2.1260770921571748E-014
   8000.0000000000000        1.5000000000000047       -2.2962439047470924      -0.79624390474708773        2.1960211427085596E-013   7.6938455606523348E-014   9.8698826889176416E-014
   8100.0000000000000        1.5000000000000038       -2.3149904791750400      -0.81499047917503620        6.6613381477509392E-014   8.3877349510430577E-014   1.7541523789077473E-014
   8200.0000000000000        1.5000000000000038       -2.3136283664080510      -0.81362836640804725        7.2386541205560206E-014   3.4083846855992306E-014   5.7731597280508140E-014
   8300.0000000000000        1.5000000000000058       -2.3243649888888980      -0.82436498888889220        1.4210854715202004E-013   6.8778316375528448E-014   1.6014967130217883E-014
   8400.0000000000000        1.4999999999999973       -2.3166815089838200      -0.81668150898382263        7.7937656328685989E-014   4.3465231414074879E-014   9.0150109599562711E-014
   8500.0000000000000        1.5000000000000000       -2.3227384049409445      -0.82273840494094452        1.3899992268306960E-013   5.1847415249994810E-014   5.9507954119908391E-014
   8600.0000000000000        1.5000000000000007       -2.3188974274660050      -0.81889742746600436        1.6653345369377348E-013   3.4222624734070450E-014   1.0463852007092100E-013
   8700.0000000000000        1.4999999999999891       -2.3042994008804998      -0.80429940088051066        4.5741188614556449E-014   1.4599432773820809E-013   1.1879386363489175E-013
   8800.0000000000000        1.4999999999999996       -2.2992006711415360      -0.79920067114153648        1.0683121054455569E-013   4.0412118096355698E-014   1.9184653865522705E-013
   8900.0000000000000        1.4999999999999989       -2.2854811365919412      -0.78548113659194230        3.2862601528904634E-014   3.5305092183079978E-014   2.0072832285222830E-013
   9000.0000000000000        1.4999999999999953       -2.2755359949717215      -0.77553599497172621        8.0602191587786365E-014   5.3734794391857577E-014   1.2634338020234281E-013
   9100.0000000000000        1.4999999999999956       -2.2796073507246843      -0.77960735072468879        9.9642516460107800E-014   6.0604299356725733E-014   1.5631940186722204E-013
   9200.0000000000000        1.4999999999999967       -2.2680170551682788      -0.76801705516828211        1.0302869668521453E-013   1.6275869541004795E-013   1.5187850976872141E-013
   9300.0000000000000        1.5000000000000024       -2.2656605269257981      -0.76566052692579567        1.8296475445822580E-013   3.2529534621517087E-014   2.3314683517128287E-013
   9400.0000000000000        1.4999999999999984       -2.2799102431093856      -0.77991024310938717        1.5742962489184720E-013   2.4202861936828413E-014   1.2922996006636822E-013
   9500.0000000000000        1.4999999999999962       -2.2683029871011460      -0.76830298710114975        1.6298074001497298E-013   7.9936057773011271E-015   1.5742962489184720E-013
   9600.0000000000000        1.5000000000000027       -2.2569109641814071      -0.75691096418140447        1.8340884366807586E-013   1.2567724638756772E-013   1.0702549957386509E-013
   9700.0000000000000        1.4999999999999993       -2.2538808256792233      -0.75388082567922399        7.9491968563161208E-014   1.5819984211518090E-013   3.4816594052244909E-013
   9800.0000000000000        1.5000000000000033       -2.2493277769884013      -0.74932777698839792        1.2956302697375577E-013   1.1213252548714081E-013   2.5157653738006047E-013
   9900.0000000000000        1.4999999999999967       -2.2620333902642313      -0.76203339026423467        1.2700951401711791E-013   1.2800871473928055E-013   1.9451107391432743E-013
   10000.000000000000        1.4999999999999929       -2.2669729234477964      -0.76697292344780355        1.1501910535116622E-013   9.7477581562088744E-014   1.7252865802674933E-013
   10100.000000000000        1.4999999999999980       -2.2655884725634565      -0.76558847256345852        9.6478380839926103E-014   4.7961634663806763E-014   1.0980105713542798E-013
   10200.000000000000        1.4999999999999947       -2.2731176962147042      -0.77311769621470949        9.1371354926650383E-014   7.9269923958236177E-014   8.0158102377936302E-014
   10300.000000000000        1.4999999999999993       -2.2926830621772663      -0.79268306217726692        1.4210854715202004E-013   5.0182080713057076E-014   8.9706020389712648E-014
   10400.000000000000        1.4999999999999976       -2.2804515375663463      -0.78045153756634877        1.6897594434794883E-013   3.6637359812630166E-014   1.0214051826551440E-013
   10500.000000000000        1.4999999999999907       -2.2580314787676818      -0.75803147876769117        1.4910295220715852E-013   4.6407322429331543E-014   1.8651746813702630E-013
   10600.000000000000        1.4999999999999891       -2.2750514424610579      -0.77505144246106883        6.0174087934683484E-014   5.9785509876064680E-014   8.6042284408449632E-014
   10700.000000000000        1.4999999999999951       -2.2834678943644593      -0.78346789436446418        1.0774714453987144E-013   5.7759352856123769E-014   1.0480505352461478E-013
   10800.000000000000        1.4999999999999942       -2.2737255219044861      -0.77372552190449184        3.9912517735274378E-014   1.5454304502782179E-013   1.2445600106048005E-013
   10900.000000000000        1.4999999999999969       -2.2904327587646525      -0.79043275876465557        2.2523649612082863E-014   1.0053069487980792E-013   9.4924068605450884E-015
   11000.000000000000        1.5000000000000022       -2.2984699791743508      -0.79846997917434859        1.1091128016005314E-013   1.0658141036401503E-013   3.9079850466805510E-014
   11100.000000000000        1.5000000000000042       -2.3019151554982074      -0.80191515549820314        7.6161299489285739E-014   2.0439205883349132E-013   2.5091040356528538E-014
   11200.000000000000        1.4999999999999876       -2.2829635405031761      -0.78296354050318850        7.2164496600635175E-014   1.5254464358349651E-013   1.1890488593735427E-013
   11300.000000000000        1.5000000000000036       -2.2771659879645303      -0.77716598796452674        1.7275070263167436E-013   3.0975222387041867E-014   5.2180482157382357E-014
   11400.000000000000        1.5000000000000082       -2.2907764984786225      -0.79077649847861431        1.4777068457760834E-013   4.3076653355456074E-014   7.9047879353311146E-014
   11500.000000000000        1.4999999999999967       -2.2857560846706755      -0.78575608467067881        1.1571299474155694E-013   1.0436096431476471E-013   1.2939649352006199E-013
   11600.000000000000        1.4999999999999982       -2.2752942325782346      -0.77529423257823638        2.2948309919001986E-013   6.5947247662734299E-014   1.9251267247000214E-013
   11700.000000000000        1.5000000000000098       -2.2728144361396083      -0.77281443613959855        1.7164047960704920E-013   1.2628786905111156E-014   1.5254464358349651E-013
   11800.000000000000        1.5000000000000095       -2.2566587085393106      -0.75665870853930106        1.3644640972643174E-013   1.0197398481182063E-013   1.0236256287043943E-013
   11900.000000000000        1.5000000000000044       -2.2402612621558173      -0.74026126215581289        1.7474910407599964E-013  -1.1601830607332886E-013  -3.1974423109204508E-014
   12000.000000000000        1.4999999999999916       -2.2493239204460971      -0.74932392044610552        1.6819878823071122E-013  -2.7922109069322687E-014   1.1091128016005314E-013
   12100.000000000000        1.4999999999999993       -2.2674968760305139      -0.76749687603051453        3.3528735343679728E-013  -7.7715611723760958E-015   4.7961634663806763E-014
   12200.000000000000        1.4999999999999967       -2.2685820887708981      -0.76858208877090139        1.8540724511240114E-013  -5.9063864910058328E-014   4.4853010194856324E-014
   12300.000000000000        1.4999999999999916       -2.2563283418782425      -0.75632834187825093        1.7020412856894040E-013   1.1768364061026659E-014   4.9071857688431919E-014
   12400.000000000000        1.5000000000000011       -2.2686712113037109      -0.76867121130370974        2.7300384175532599E-013   1.9151347174783950E-014   9.4591001698063337E-014
   12500.000000000000        1.5000000000000022       -2.2593603917784013      -0.75936039177839909        2.1005419625907962E-013   3.8857805861880479E-015   1.0735856648125264E-013
   12600.000000000000        1.5000000000000058       -2.2652706455063902      -0.76527064550638446        2.3533952564491756E-013   4.6185277824406512E-014   1.1191048088221578E-013
   12700.000000000000        1.5000000000000060       -2.2689298729822571      -0.76892987298225113        2.4091839634365897E-013   2.7089441800853820E-014   1.1729506255164779E-013
   12800.000000000000        1.5000000000000058       -2.2843718808669351      -0.78437188086692933        2.1610491174328672E-013   4.2521541843143495E-014   5.5733195836182858E-014
   12900.000000000000        1.4999999999999920       -2.2942553259139244      -0.79425532591393244        1.9606538614880265E-013  -3.8635761256955448E-014   1.5515366769136563E-013
   13000.000000000000        1.4999999999999989       -2.3013651458700806      -0.80136514587008167        1.9095836023552692E-013   3.5083047578154947E-014   1.9673151996357774E-013
   13100.000000000000        1.4999999999999976       -2.2983479925037291      -0.79834799250373156        2.1871393585115584E-013  -5.4845017416482733E-014   2.1793677973391823E-013
   13200.000000000000        1.5000000000000020       -2.2785880210815450      -0.77858802108154301        1.7480461522723090E-013   6.7001959536128197E-014   2.4641400031555349E-013
   13300.000000000000        1.5000000000000002       -2.2714469914806452      -0.77144699148064499        1.2001510896197942E-013  -5.3512749786932545E-014   2.0453083671156946E-013
   13400.000000000000        1.4999999999999947       -2.2995691511151164      -0.79956915111512172        1.0147438445073931E-013  -2.3980817331903381E-014   2.1754820167529942E-013
   13500.000000000000        1.5000000000000009       -2.2875887538422561      -0.78758875384225524        4.2188474935755949E-014   1.7985612998927536E-014   1.6742163211347361E-013
   13600.000000000000        1.5000000000000044       -2.2696139227253931      -0.76961392272538864        6.2061467076546251E-014  -2.6867397195928788E-014   9.4479979395600822E-014
   13700.000000000000        1.4999999999999991       -2.2710876813954770      -0.77108768139547790        2.6978419498391304E-014  -3.4861002973229915E-014   1.0752509993494641E-013
   13800.000000000000        1.5000000000000056       -2.2821496887408026      -0.78214968874079704        7.7715611723760958E-016   1.3100631690576847E-014   9.0427665355719000E-014
   13900.000000000000        1.5000000000000040       -2.2913261959793823      -0.79132619597937826        2.0063117833757360E-013  -2.3703261575747092E-014   1.9917401061775308E-013
   14000.000000000000        1.5000000000000009       -2.3086527859643184      -0.80865278596431756       -8.9289686755478215E-014  -3.2196467714129540E-015   2.2274543320932594E-013
   14100.000000000000        1.5000000000000002       -2.3254067873567612      -0.82540678735676098       -2.3925306180672123E-014   2.5516969179989468E-015   2.4105717422173711E-013
   14200.000000000000        1.4999999999999996       -2.3128837346493976      -0.81288373464939800       -4.0412118096355698E-014   8.1753180614096976E-014   2.6689761511988763E-013
   14300.000000000000        1.5000000000000036       -2.3014699156673091      -0.80146991566730552       -1.6486811915683575E-014   2.5535129566378600E-014   2.3980817331903381E-013
   14400.000000000000        1.5000000000000049       -2.2821648687974516      -0.78216486879744673        1.3877787807814457E-015   6.0673688295764805E-014   2.5435209494162336E-013
   14500.000000000000        1.4999999999999989       -2.2869116535303018      -0.78691165353030290       -4.6906922790412864E-014   3.5568770151428453E-014   2.0177262638476634E-013
   14600.000000000000        1.4999999999999978       -2.2950582268434272      -0.79505822684342942       -2.8643754035329039E-014   6.0063065632220969E-014   2.0586310434111965E-013
   14700.000000000000        1.4999999999999949       -2.2648452880726229      -0.76484528807262797        5.2971516062427781E-014   6.3837823915946501E-014   2.6675883724180949E-013
   14800.000000000000        1.4999999999999984       -2.2597297763467807      -0.75972977634678229       -4.9293902293356950E-014   5.4012350148013866E-014   2.9970470549756101E-013
   14900.000000000000        1.4999999999999980       -2.2682085936234957      -0.76820859362349769       -2.5535129566378600E-014   6.2838623193783860E-014   3.3012481637229030E-013
   15000.000000000000        1.4999999999999956       -2.2621030729408838      -0.76210307294088819        3.6637359812630166E-015   3.1530333899354446E-014   3.1152858070981893E-013
   15100.000000000000        1.5000000000000031       -2.2588090024497292      -0.75880900244972604       -4.6629367034256575E-014  -6.3282712403633923E-014   2.9243274468626623E-013
   15200.000000000000        1.5000000000000029       -2.2556705189481128      -0.75567051894810988        5.1958437552457326E-014  -8.7041485130612273E-014   3.2973623831367149E-013
   15300.000000000000        1.4999999999999962       -2.2692047081111357      -0.76920470811113950        2.6867397195928788E-014  -6.7834626804597065E-014   2.7378099787256360E-013
   15400.000000000000        1.4999999999999913       -2.2920940379425141      -0.79209403794252276        1.5543122344752192E-015  -4.8738790781044372E-014   3.7703173916270316E-013
   15500.000000000000        1.4999999999999998       -2.3055313536267281      -0.80553135362672834        1.5543122344752192E-014  -1.0824501017747679E-013   2.2537527399890678E-013
   15600.000000000000        1.5000000000000024       -2.2896195625092672      -0.78961956250926479       -9.7477581562088744E-014  -1.0347278589506459E-013   2.5168755968252299E-013
   15700.000000000000        1.4999999999999971       -2.2897714831846412      -0.78977148318464407       -5.7731597280508140E-015  -1.2914669333952133E-013   2.0361490271625371E-013
   15800.000000000000        1.5000000000000067       -2.2878481597415363      -0.78784815974152966       -8.3266726846886741E-014  -7.3330230776491589E-014   3.0464519795714295E-013
   15900.000000000000        1.5000000000000013       -2.3074856027728896      -0.80748560277288828        2.8921309791485328E-014   6.6280314570121845E-014   1.8102186416513177E-013
   16000.000000000000        1.5000000000000011       -2.2934367651458691      -0.79343676514586803        6.5392136150421720E-014   7.9602990865623724E-014   1.9573231924141510E-013
   16100.000000000000        1.4999999999999933       -2.3042841506073750      -0.80428415060738168        2.0816681711721685E-015   1.0491607582707729E-014   1.0014211682118912E-013
   16200.000000000000        1.5000000000000067       -2.3210109590198034      -0.82101095901979670        8.9372953482325102E-015  -4.9710235927591384E-014   2.6811886044697530E-013
   16300.000000000000        1.5000000000000004       -2.3258427181075829      -0.82584271810758247        1.6320278461989801E-014  -5.3415605272277844E-014   2.1412038808676925E-013
   16400.000000000000        1.4999999999999978       -2.3035812186260332      -0.80358121862603538        9.3924867883288243E-014  -3.1308289294429414E-014   2.2182256032010628E-013
   16500.000000000000        1.4999999999999996       -2.2958079739690045      -0.79580797396900493        8.6375351315837179E-014  -1.8951507030351422E-013   2.0791701693667619E-013
   16600.000000000000        1.4999999999999978       -2.2953488545745855      -0.79534885457458770        5.3068660577082483E-014   1.1568523916594131E-013   1.8363088827300089E-013
   16700.000000000000        1.5000000000000029       -2.2822905404848775      -0.78229054048487456        7.2386541205560206E-014  -1.2934098236883074E-014   1.7069679003611782E-013
   16800.000000000000        1.4999999999999991       -2.3143244952980120      -0.81432449529801287       -3.2196467714129540E-014   2.5771051959111446E-014   3.0420110874729289E-013
   16900.000000000000        1.4999999999999978       -2.3103401958534140      -0.81034019585341621        5.9063864910058328E-014  -1.8873791418627661E-015   2.8976820942716586E-013
   17000.000000000000        1.4999999999999938       -2.3069649861428423      -0.80696498614284851       -4.0412118096355698E-014  -4.8294701571194310E-014   2.7228219678931964E-013
   17100.000000000000        1.5000000000000036       -2.3070256169757961      -0.80702561697579256        9.7699626167013776E-015  -7.6272321791748254E-014   2.8332891588433995E-013
   17200.000000000000        1.5000000000000013       -2.2933046641869010      -0.79330466418689971        3.1086244689504383E-015  -2.0428103653102880E-014   2.6867397195928788E-013
   17300.000000000000        1.5000000000000000       -2.3063429431249598      -0.80634294312495980        6.8833827526759706E-014   1.8485213360008856E-014   3.3195668436292181E-013
   17400.000000000000        1.5000000000000000       -2.3146833781537328      -0.81468337815373282        2.8199664825478976E-014   5.9729998724833422E-014   2.1815882433884326E-013
   17500.000000000000        1.5000000000000027       -2.3211365367723511      -0.82113653677234844        2.5335289421946072E-013   7.5939254884360707E-014   2.9787283750692950E-013
   17600.000000000000        1.4999999999999998       -2.3072985087725653      -0.80729850877256548        8.7263529735537304E-014   8.3544282603043030E-015   2.5340840537069198E-013
   17700.000000000000        1.5000000000000024       -2.2943007192724965      -0.79430071927249402        1.1324274851176597E-013   5.9341420666214617E-014   4.1788794646890892E-013
   17800.000000000000        1.5000000000000000       -2.2931490506072501      -0.79314905060725005        1.6930901125533637E-013   2.3758772726978350E-014   2.6223467841646197E-013
   17900.000000000000        1.5000000000000036       -2.3023840846400514      -0.80238408464004785        1.3047896096907152E-013   9.2925667161125602E-014   3.4006131244268545E-013
   18000.000000000000        1.4999999999999944       -2.3159514250429880      -0.81595142504299356        1.1479706074624119E-013   9.4035890185750759E-014   2.0855539517583566E-013
   18100.000000000000        1.5000000000000027       -2.3148263384559487      -0.81482633845594599        8.0227491316975375E-014   7.9936057773011271E-014   2.5013324744804777E-013
   18200.000000000000        1.5000000000000036       -2.2873829579554248      -0.78738295795542124        1.3355982986240633E-013   1.5587531265737198E-013   1.9884094371036554E-013
   18300.000000000000        1.4999999999999969       -2.2743143051400017      -0.77431430514000477        1.4277468096679513E-013   9.2370555648813024E-014   3.1641356201816961E-013
   18400.000000000000        1.5000000000000031       -2.2696898137341126      -0.76968981373410950        7.9714013168086240E-014   2.7700064464397656E-014   3.3062441673337162E-013
   18500.000000000000        1.4999999999999993       -2.2845647928185624      -0.78456479281856306        1.1990408665951691E-014   6.0645932720149176E-014   2.6068036618198676E-013
   18600.000000000000        1.5000000000000044       -2.2825022596796711      -0.78250225967966669       -3.3306690738754696E-016  -3.4972025275692431E-014   2.5424107263916085E-013
   18700.000000000000        1.4999999999999984       -2.2808921643405737      -0.78089216434057529       -5.4317661479785784E-014   1.0680345496894006E-013   3.0336844147882402E-013
   18800.000000000000        1.5000000000000036       -2.2786733375221853      -0.77867333752218171        1.0935696792557792E-014   1.6076029396572267E-013   2.4052981828504016E-013
   18900.000000000000        1.5000000000000027       -2.3096988381858572      -0.80969883818585453        5.1514348342607263E-014   7.3496764230185363E-014   2.5290880500961066E-013
   19000.000000000000        1.5000000000000031       -2.3113165480390814      -0.81131654803907827       -1.0970391262077328E-013   1.8342272145588367E-013   2.5268676040468563E-013
   19100.000000000000        1.4999999999999969       -2.3182702479607187      -0.81827024796072179       -8.1046280797636427E-014   1.8285373215576328E-013   1.9900747716405931E-013
   19200.000000000000        1.4999999999999989       -2.3059780716774174      -0.80597807167741853       -2.1233015345956119E-014   1.2967404927621828E-013   2.8022029141538951E-013
   19300.000000000000        1.5000000000000038       -2.3104992936573958      -0.81049929365739204       -6.2061467076546251E-014   1.6009416015094757E-013   2.7666757773658901E-013
   19400.000000000000        1.4999999999999998       -2.3108501084231414      -0.81085010842314165       -9.6096741675211206E-014   1.8907098109366416E-013   2.2545854072575366E-013
   19500.000000000000        1.4999999999999922       -2.2904773539270242      -0.79047735392703200       -3.4139358007223564E-014   2.5174307083375425E-013   2.4487356586888609E-013
   19600.000000000000        1.4999999999999956       -2.3025108695830445      -0.80251086958304896       -9.1704421834037930E-014   2.3531177006930193E-013   3.5850489243927086E-013
   19700.000000000000        1.4999999999999925       -2.3228415344251241      -0.82284153442513164       -1.5831780331154732E-013   1.5980272660698347E-013   3.5922653740527721E-013
   19800.000000000000        1.5000000000000036       -2.3266464989760141      -0.82664649897601050       -1.0147438445073931E-013   1.6048273820956638E-013   3.3013522471314616E-013
   19900.000000000000        1.5000000000000009       -2.3018004434618486      -0.80180044346184776       -6.0174087934683484E-014   1.8474111129762605E-013   3.1563640590093200E-013
   20000.000000000000        1.5000000000000022       -2.3138068054978231      -0.81380680549782092       -6.1617377866696188E-014   2.6578739209526248E-013   3.3362201889985954E-013
   20100.000000000000        1.5000000000000020       -2.2991355881928417      -0.79913558819283970       -1.2656542480726785E-014   2.9265478929119126E-013   3.3228975127030935E-013
   20200.000000000000        1.5000000000000060       -2.2901469743311500      -0.79014697433114400       -9.4591001698063337E-014   1.9903523273967494E-013   2.4613644455939721E-013
   20300.000000000000        1.4999999999999927       -2.2837322161855971      -0.78373221618560440       -7.0610184366159956E-014   2.1834053662295183E-013   2.5313084961453569E-013
   20400.000000000000        1.5000000000000027       -2.2837156371264022      -0.78371563712639958       -6.1062266354383610E-014   2.3780977187470853E-013   2.6301183453369958E-013
   20500.000000000000        1.5000000000000016       -2.2862088729234253      -0.78620887292342378       -9.2370555648813024E-014   2.5002222514558525E-013   3.0453417565468044E-013
   20600.000000000000        1.5000000000000020       -2.2682265064326543      -0.76822650643265233       -8.1365469917216160E-014   2.6423307986078726E-013   3.5733568881646249E-013
   20700.000000000000        1.4999999999999953       -2.2672627243780794      -0.76726272437808407       -1.1168843627729075E-013   2.3026025530725747E-013   3.4172664697962318E-013
   20800.000000000000        1.5000000000000036       -2.2563858881770682      -0.75638588817706465       -8.9150908877400070E-014   2.6911806116913795E-013   2.6867397195928788E-013
   20900.000000000000        1.4999999999999998       -2.2573926079648619      -0.75739260796486207       -1.5742962489184720E-013   2.9132252166164108E-013   3.8314837413899738E-013
   21000.000000000000        1.5000000000000033       -2.2562455022237886      -0.75624550222378528       -1.7985612998927536E-013   2.4846791291111003E-013   3.4594549447319878E-013
   21100.000000000000        1.5000000000000029       -2.2598515972081543      -0.75985159720815143       -1.9118040484045196E-013   1.9761969838327786E-013   3.9185321654144900E-013
   21200.000000000000        1.5000000000000058       -2.2818292979730836      -0.78182929797307787       -7.2164496600635175E-014   1.9251267247000214E-013   4.2110759324032188E-013
   21300.000000000000        1.5000000000000058       -2.2746420803729497      -0.77464208037294391       -1.0214051826551440E-013   1.8263168755083825E-013   4.2921222132008552E-013
   21400.000000000000        1.4999999999999927       -2.2594200128188646      -0.75942001281887195       -1.7030821197749901E-013   2.2337687255458150E-013   3.9690473130349346E-013
   21500.000000000000        1.5000000000000029       -2.2750939418491436      -0.77509394184914071       -1.0258460747536446E-013   2.1938006966593093E-013   2.9831692671677956E-013
   21600.000000000000        1.5000000000000098       -2.2760106004245375      -0.77601060042452774       -3.9968028886505635E-015   2.6367796834847468E-013   2.9620750296999176E-013
   21700.000000000000        1.4999999999999960       -2.2887165773734637      -0.78871657737346768       -1.0702549957386509E-013   3.4494629375103614E-013   2.8799185258776561E-013
   21800.000000000000        1.5000000000000049       -2.2758035334892091      -0.77580353348920417       -1.1501910535116622E-013   3.3972824553529790E-013   3.1130653610489389E-013
   21900.000000000000        1.4999999999999958       -2.2561375151567375      -0.75613751515674177       -3.1974423109204508E-014   2.6956215037898801E-013   2.4128268827361410E-013
   22000.000000000000        1.4999999999999942       -2.2667840086870661      -0.76678400868707186       -4.4672598953354736E-014   2.0272672429655358E-013   3.0253577421035516E-013
   22100.000000000000        1.5000000000000051       -2.2534781731333586      -0.75347817313335352       -2.7283730830163222E-014   2.4624746686185972E-013   3.3223424011907809E-013
   22200.000000000000        1.5000000000000004       -2.2521537101984723      -0.75215371019847188        1.1146639167236572E-013   2.5124347047267293E-013   2.2204460492503131E-013
   22300.000000000000        1.5000000000000002       -2.2674817945958918      -0.76748179459589161       -4.6518344731794059E-014   3.0042635046356736E-013   2.9198865547641617E-013
   22400.000000000000        1.4999999999999993       -2.2530459629291553      -0.75304596292915593        3.2730762544730396E-014   2.7577939931688888E-013   3.1508129438861943E-013
   22500.000000000000        1.4999999999999925       -2.2748703116125752      -0.77487031161258280       -8.3127948968808596E-014   2.6800783814451279E-013   1.8096635301390052E-013
   22600.000000000000        1.5000000000000013       -2.2905223330949762      -0.79052233309497488       -1.1990408665951691E-014   2.7905455723953310E-013   3.3550939804172231E-013
   22700.000000000000        1.4999999999999982       -2.2947228944745373      -0.79472289447453903       -7.3496764230185363E-014   3.4866554088353041E-013   2.3692159345500841E-013
   22800.000000000000        1.5000000000000007       -2.2854147168583481      -0.78541471685834741       -8.4099394115355608E-014   2.3958612871410878E-013   3.0087043967341742E-013
   22900.000000000000        1.5000000000000009       -2.2803422353189071      -0.78034223531890623       -5.9507954119908391E-014   2.3570034812792073E-013   2.7911006839076435E-013
   23000.000000000000        1.5000000000000000       -2.2705608453848671      -0.77056084538486713       -5.9841021027295938E-014   2.2576385205752558E-013   3.0619951019161817E-013
   23100.000000000000        1.4999999999999964       -2.2797913100733220      -0.77979131007332558        8.5709217501062085E-014   2.1782575743145571E-013   2.7544633240950134E-013
   23200.000000000000        1.5000000000000056       -2.2694216736534178      -0.76942167365341230       -5.8397731095283234E-014   3.0231372960543013E-013   3.8874459207249856E-013
   23300.000000000000        1.4999999999999993       -2.2636881561324800      -0.76368815613248064       -6.7279515292284486E-014   2.3114843372695759E-013   3.6376457401843254E-013
   23400.000000000000        1.5000000000000018       -2.2833439373929920      -0.78334393739299024       -1.0325074129013956E-013   2.2826185386293218E-013   7.2053474298172659E-014
   23500.000000000000        1.4999999999999922       -2.2940666757772288      -0.79406667577723655       -9.2592600253738055E-014   3.1352698215414421E-013   3.9881986602097186E-013
   23600.000000000000        1.5000000000000036       -2.2936738678957500      -0.79367386789574645       -8.9005192105418018E-014   3.1252778143198157E-013   3.5549341248497512E-013
   23700.000000000000        1.5000000000000058       -2.3132356105269891      -0.81323561052698334       -9.5479180117763462E-015   1.9184653865522705E-013   4.5674575233078940E-013
   23800.000000000000        1.4999999999999976       -2.3266008402938847      -0.82660084029388714       -1.9539925233402755E-014   1.3145040611561853E-013   4.0423220326601950E-013
   23900.000000000000        1.5000000000000078       -2.3041832435387835      -0.80418324353877568        1.6875389974302379E-014   2.7089441800853820E-013   4.2288395007972213E-013
   24000.000000000000        1.5000000000000013       -2.3257086292540379      -0.82570862925403654       -3.2374276870417162E-015   1.4077627952246985E-013   4.0312198024139434E-013
   24100.000000000000        1.5000000000000053       -2.3227845950841917      -0.82278459508418633       -2.2551405187698492E-014   1.9162449405030202E-013   3.8635761256955448E-013
   24200.000000000000        1.4999999999999971       -2.3394690885558758      -0.83946908855587865        4.1855408028368402E-014   1.8673951274195133E-013   3.7059244561987725E-013
   24300.000000000000        1.5000000000000040       -2.3244984067856120      -0.82449840678560804        3.4250380309686079E-014   2.1938006966593093E-013   4.8916426464984397E-013
   24400.000000000000        1.4999999999999929       -2.3305986645956152      -0.83059866459562226       -8.2156503822261584E-015   2.2415402867181911E-013   4.2765790908561030E-013
   24500.000000000000        1.4999999999999978       -2.3202517769900375      -0.82025177699003970        2.9615199181876051E-014   2.7844393457598926E-013   4.3337555766242986E-013
   24600.000000000000        1.5000000000000040       -2.3040836998466707      -0.80408369984666672       -6.2394533983933798E-014   2.0011770018868447E-013   5.6446167184809326E-013
   24700.000000000000        1.4999999999999956       -2.2823189209609431      -0.78231892096094757        3.3084646133829665E-014   2.2412627309620348E-013   4.7895021282329253E-013
   24800.000000000000        1.5000000000000033       -2.2820458675082622      -0.78204586750825889        5.5219717687293723E-014   1.9984014443252818E-013   5.1136872514234710E-013
   24900.000000000000        1.5000000000000027       -2.2951055464331214      -0.79510554643311870        6.8167693711984612E-014   1.6620038678638593E-013   3.2462921240039577E-013
   25000.000000000000        1.4999999999999991       -2.2837299581892263      -0.78372995818922719        4.9960036108132044E-014   2.7922109069322687E-013   5.1175730320096591E-013
   25100.000000000000        1.5000000000000022       -2.2858852521928679      -0.78588525219286565        2.4868995751603507E-014   3.0847546739209974E-013   5.2224891078367364E-013
   25200.000000000000        1.4999999999999958       -2.2963835251242712      -0.79638352512427546        1.9068080447937064E-014   3.5793590313915047E-013   5.0071058410594560E-013
   25300.000000000000        1.5000000000000058       -2.2754817738580639      -0.77548177385805817        7.1276318180935050E-014   2.7178259642823832E-013   4.9227288911879441E-013
   25400.000000000000        1.4999999999999960       -2.2842320041170567      -0.78423200411706073        4.7517545453956700E-014   3.2651659154225854E-013   4.7295500849031669E-013
   25500.000000000000        1.4999999999999993       -2.2755857288717696      -0.77558572887177024        1.4865886299730846E-013   2.5190960428744802E-013   6.5875083166133663E-013
   25600.000000000000        1.4999999999999989       -2.2535734676904395      -0.75357346769044065        1.4355183708403274E-013   2.5446311724408588E-013   5.1680881796301037E-013
   25700.000000000000        1.4999999999999976       -2.2527367931330291      -0.75273679313303155        1.1823875212257917E-013   1.9712009802219654E-013   5.0204285173549579E-013
   25800.000000000000        1.4999999999999929       -2.2515156130134724      -0.75151561301347947        1.2612133559741778E-013   2.3170354523927017E-013   4.7351012000262926E-013
   25900.000000000000        1.5000000000000058       -2.2291967514629971      -0.72919675146299134        1.5404344466674047E-013   3.1485924978369439E-013   5.7931437424940668E-013
   26000.000000000000        1.5000000000000000       -2.2553191683956042      -0.75531916839560420        7.5051076464660582E-014   3.2995828291859652E-013   5.5910831520122883E-013
   26100.000000000000        1.5000000000000071       -2.2195876720213477      -0.71958767202134055        6.7501559897209518E-014   2.2315482794965646E-013   5.0515147620444623E-013
   26200.000000000000        1.5000000000000029       -2.2438149924523740      -0.74381499245237115        1.4965806371947110E-013   2.8754776337791554E-013   6.1750604629651207E-013
   26300.000000000000        1.5000000000000033       -2.2469379529342022      -0.74693795293419885        1.3844481117075702E-013   2.6245672302138701E-013   5.6937787817901153E-013
   26400.000000000000        1.5000000000000071       -2.2470272248804988      -0.74702722488049167        1.5198953207118393E-013   2.7378099787256360E-013   5.6926685587654902E-013
   26500.000000000000        1.5000000000000080       -2.2396095402490794      -0.73960954024907144        1.4704903961160198E-013   2.5923707624997405E-013   5.2841064857034326E-013
   26600.000000000000        1.4999999999999916       -2.2660195540222992      -0.76601955402230759        1.3877787807814457E-013   2.6245672302138701E-013   5.7731597280508140E-013
   26700.000000000000        1.4999999999999980       -2.2900710331390686      -0.79007103313907057        2.0562718194838681E-013   2.2212787165187819E-013   5.9849347699980626E-013
   26800.000000000000        1.4999999999999964       -2.2846306525861575      -0.78463065258616105        2.5379698342931079E-013   1.5365486660812167E-013   4.9760195963699516E-013
   26900.000000000000        1.4999999999999949       -2.2803102698685862      -0.78031026986859131        1.7374990335383700E-013   2.1294077612310502E-013   5.2599591349178354E-013
   27000.000000000000        1.4999999999999989       -2.2694804221635354      -0.76948042216353651        1.5010215292932116E-013   2.3253621250773904E-013   4.7878367936959876E-013
   27100.000000000000        1.4999999999999989       -2.2597142248400468      -0.75971422484004791       -1.3322676295501878E-015   2.2959412149248237E-013   4.3906545066363378E-013
   27200.000000000000        1.4999999999999920       -2.2691888174815928      -0.76918881748160084        8.1712414612411521E-014   3.1763480734525729E-013   3.0098146197587994E-013
   27300.000000000000        1.5000000000000053       -2.2689527734291652      -0.76895277342915991        6.8278716014447127E-014   2.6934010577406298E-013   4.1966430330830917E-013
   27400.000000000000        1.4999999999999989       -2.2917922573935869      -0.79179225739358805        1.3011813848606835E-013   2.6501023597802487E-013   4.4581005553823161E-013
   27500.000000000000        1.4999999999999993       -2.2880216902067265      -0.78802169020672719        1.0791367799356522E-013   2.8677060726067793E-013   4.7439829842232939E-013
   27600.000000000000        1.4999999999999962       -2.2813037938263196      -0.78130379382632342        1.4632739464559563E-013   3.1619151741324458E-013   5.1803006329009804E-013
   27700.000000000000        1.4999999999999956       -2.2970146828756244      -0.79701468287562882        1.2612133559741778E-013   2.1194157540094238E-013   3.7569947153315297E-013
   27800.000000000000        1.5000000000000036       -2.2980101872104610      -0.79801018721045747        1.3211653993039363E-013   1.9850787680297799E-013   4.4830805734363821E-013
   27900.000000000000        1.5000000000000027       -2.2993296526396971      -0.79932965263969447        3.9968028886505635E-014   2.7797208979052357E-013   4.3898218393678690E-013
   28000.000000000000        1.5000000000000020       -2.2855043985199770      -0.78550439851997500        6.4781513486877884E-014   1.1568523916594131E-013   4.2660319721221640E-013
   28100.000000000000        1.4999999999999991       -2.2754103837624435      -0.77541038376244442        5.2513549064769904E-014   2.6523228058294990E-013   4.6242176754418551E-013
   28200.000000000000        1.4999999999999996       -2.2653634571031578      -0.76536345710315823        8.1601392309949006E-014   2.7955415760061442E-013   4.7450932072479191E-013
   28300.000000000000        1.5000000000000042       -2.2806976831898149      -0.78069768318981070        9.6367358537463588E-014   2.7117197376469448E-013   4.0867309536452012E-013
   28400.000000000000        1.5000000000000016       -2.2958817136924194      -0.79588171369241789        7.0443650912466182E-014   3.3029134982598407E-013   3.9888925496001093E-013
   28500.000000000000        1.4999999999999936       -2.3071197431748671      -0.80711974317487356        1.2789769243681803E-013   2.7677860003905153E-013   4.0750736118866371E-013
   28600.000000000000        1.4999999999999944       -2.3098219080457616      -0.80982190804576715        1.0202949596305189E-013   3.5171865420124959E-013   4.7806203440359241E-013
   28700.000000000000        1.5000000000000000       -2.3114410116951274      -0.81144101169512739        5.0404125317982107E-014   2.8121949213755215E-013   4.0012437807490642E-013
   28800.000000000000        1.5000000000000064       -2.3276958916052064      -0.82769589160519996        9.6922470049776166E-014   2.7520997633589950E-013   4.1322500976548326E-013
   28900.000000000000        1.5000000000000047       -2.3263861646127890      -0.82638616461278436        4.8627768478581856E-014   1.6142642778049776E-013   4.7079007359229763E-013
   29000.000000000000        1.5000000000000004       -2.3288801677281779      -0.82888016772817741        5.2069459854919842E-014   2.0117241206207837E-013   2.8244073746463982E-013
   29100.000000000000        1.5000000000000018       -2.3055832507772891      -0.80558325077728732        8.3322237998117998E-014   2.0028423364237824E-013   5.2705062536517744E-013
   29200.000000000000        1.5000000000000091       -2.2986130889335876      -0.79861308893357852        7.7715611723760958E-014   2.3014923300479495E-013   5.2297055574967999E-013
   29300.000000000000        1.5000000000000073       -2.2859827237130039      -0.78598272371299660        2.0916601783937949E-013   1.5576429035490946E-013   4.8752668568852187E-013
   29400.000000000000        1.4999999999999969       -2.2953930363642172      -0.79539303636422032        3.5926817076870066E-013   1.4199752484955752E-013   4.2754688678314778E-013
   29500.000000000000        1.4999999999999958       -2.2948850933759961      -0.79488509337600033        1.6919798895287386E-013   3.2263081095607049E-013   5.0137671792072069E-013
   29600.000000000000        1.4999999999999984       -2.2892342517641682      -0.78923425176416973        1.9045875987444560E-013   2.2995494397548555E-013   5.2724491439448684E-013
   29700.000000000000        1.5000000000000022       -2.2919119109289663      -0.79191191092896407        7.1775918542016370E-014   2.2126744880779370E-013   4.5385917246676399E-013
   29800.000000000000        1.4999999999999980       -2.2557577552865524      -0.75575775528655442        1.5210055437364645E-013   1.6792123247455493E-013   4.0145664570445661E-013
   29900.000000000000        1.5000000000000049       -2.2440167863260392      -0.74401678632603430        1.6131540547803525E-013   1.2401191185062999E-013   5.1403326040144748E-013
   30000.000000000000        1.4999999999999940       -2.2627577385821707      -0.76275773858217666        1.5734115399457238E-013   8.5598195198599569E-014   3.9634961979118088E-013
   30100.000000000000        1.4999999999999978       -2.2638292330022654      -0.76382923300226757        1.7802426199864385E-013   2.0716761639505421E-013   4.4830805734363821E-013
   30200.000000000000        1.5000000000000080       -2.2627056401019772      -0.76270564010196917        1.0841327835464654E-013   2.0716761639505421E-013   5.1358917119159742E-013
   30300.000000000000        1.4999999999999996       -2.2741865521466145      -0.77418655214661491        5.6510351953420468E-014   2.7577939931688888E-013   5.3157478419052495E-013
   30400.000000000000        1.4999999999999993       -2.2649519884622631      -0.76495198846226375        1.0576262088335397E-013   1.9917401061775308E-013   5.5405680043918437E-013
   30500.000000000000        1.4999999999999998       -2.2679964361889144      -0.76799643618891467        1.2267964422107980E-013   2.8910207561239076E-013   5.3083232254280688E-013
   30600.000000000000        1.5000000000000007       -2.2655870169742602      -0.76558701697425957        8.5487172896137054E-014   2.3969715101657130E-013   4.8894222004491894E-013
   30700.000000000000        1.5000000000000033       -2.2940861749191623      -0.79408617491915900        1.4310774787418268E-013   2.8436974996992603E-013   4.5652370772586437E-013
   30800.000000000000        1.5000000000000053       -2.2827721971079904      -0.78277219710798507        7.2164496600635175E-014   2.0561330416057899E-013   5.0981441290787188E-013
   30900.000000000000        1.4999999999999998       -2.2839153623682287      -0.78391536236822890        1.5276668818842154E-013   3.3728575488112256E-013   4.2943426592501055E-013
   31000.000000000000        1.5000000000000044       -2.2823499762368900      -0.78234997623688551        7.5883743733129450E-014   3.0608848788915566E-013   4.1777692416644641E-013
   31100.000000000000        1.5000000000000002       -2.2692169694145625      -0.76921696941456230        5.0293103015519591E-014   2.7533531010703882E-013   4.8383519413164322E-013
   31200.000000000000        1.4999999999999980       -2.2643110153621659      -0.76431101536216794        1.0169642905566434E-013   4.4142467459096224E-013   4.4701742307751147E-013
   31300.000000000000        1.4999999999999942       -2.2503690929248026      -0.75036909292480836        1.6769918786962990E-013   3.2163161023390785E-013   5.4098739377117511E-013
   31400.000000000000        1.4999999999999902       -2.2454563016630775      -0.74545630166308730        2.0194956817931597E-013   3.1041835768519377E-013   4.7500892108587323E-013
   31500.000000000000        1.5000000000000075       -2.2372384016971778      -0.73723840169717025        1.6697754290362354E-013   4.0445424787094453E-013   5.3612669859148809E-013
   31600.000000000000        1.4999999999999971       -2.2105621429868703      -0.71056214298687315        1.0802470029602773E-013   3.3129055054814671E-013   4.5385917246676399E-013
   31700.000000000000        1.5000000000000069       -2.2511462037547396      -0.75114620375473273        5.4789506265251475E-014   3.4926228575926643E-013   4.7228887467554159E-013
   31800.000000000000        1.5000000000000004       -2.2466375746835809      -0.74663757468358050        1.4815926263622714E-013   3.9823699893304365E-013   4.2987835513486061E-013
   31900.000000000000        1.4999999999999960       -2.2395855599413066      -0.73958555994131059        7.1498362785860081E-014   4.0056846728475648E-013   3.8402614421784165E-013
   32000.000000000000        1.4999999999999973       -2.2430275501757531      -0.74302755017575572        4.9404924595819466E-014   3.9834802123550617E-013   4.2399417310434728E-013
   32100.000000000000        1.5000000000000016       -2.2198366935027587      -0.71983669350275714        1.4699352846037073E-013   4.3959280660033073E-013   4.2521541843143495E-013
   32200.000000000000        1.5000000000000020       -2.2295154471111416      -0.72951544711113958        8.1601392309949006E-014   4.3695602691684599E-013   4.5952130989235229E-013
   32300.000000000000        1.5000000000000018       -2.2223254595827067      -0.72232545958270489        2.4980018054066022E-014   3.2357450052700187E-013   4.1122660832115798E-013
   32400.000000000000        1.4999999999999916       -2.2283347311610933      -0.72833473116110170        1.8984813721090177E-014   4.1672221229305251E-013   4.5341508325691393E-013
   32500.000000000000        1.5000000000000080       -2.2311048155837612      -0.73110481558375318        4.8849813083506888E-014   3.5703384693164253E-013   4.3209880118411093E-013
   32600.000000000000        1.5000000000000044       -2.2234507929194374      -0.72345079291943293        4.0677530788180150E-014   3.4816594052244909E-013   4.5715341234764395E-013
   32700.000000000000        1.5000000000000024       -2.2442365503947905      -0.74423655039478809        8.6930462828149757E-014   4.1300296516055823E-013   3.5782488083668795E-013
   32800.000000000000        1.5000000000000000       -2.2560870689620294      -0.75608706896202937        8.1518125583102119E-014   4.4177855818006151E-013   5.1858517480241062E-013
   32900.000000000000        1.5000000000000036       -2.2434917205509808      -0.74349172055097723        7.2053474298172659E-014   5.1003645751279691E-013   4.4442227675745016E-013
   33000.000000000000        1.5000000000000044       -2.2395247097327005      -0.73952470973269602        9.4535490546832079E-014   4.6651571494749078E-013   4.2976733283239810E-013
   33100.000000000000        1.5000000000000018       -2.2395290593011046      -0.73952905930110280        1.9445556276309617E-013   3.7980729672426605E-013   4.0906167342313893E-013
   33200.000000000000        1.5000000000000029       -2.2702445101325432      -0.77024451013254036        1.4410694859634532E-013   4.5682208016373238E-013   4.1305847631178949E-013
   33300.000000000000        1.5000000000000073       -2.2695099679688071      -0.76950996796879978        9.3480778673438181E-014   3.4913738566899610E-013   4.0524528177598995E-013
   33400.000000000000        1.5000000000000062       -2.2540482999463287      -0.75404829994632250        1.6209256159527285E-013   3.6898262223417078E-013   4.7051251783614134E-013
   33500.000000000000        1.5000000000000044       -2.2762936671960250      -0.77629366719602055        2.2648549702353193E-013   3.0400681971798349E-013   2.9398705692074145E-013
   33600.000000000000        1.5000000000000027       -2.2800600742579005      -0.78006007425789781        1.8240964294591322E-013   3.1646907316940087E-013   4.0972780723791402E-013
   33700.000000000000        1.4999999999999944       -2.2664611144431945      -0.76646111444320009        2.0028423364237824E-013   3.1202818107090025E-013   4.1433523279010842E-013
   33800.000000000000        1.5000000000000000       -2.2632805686552042      -0.76328056865520422        2.6062485503075550E-013   3.5282887722587475E-013   3.6326497365735122E-013
   33900.000000000000        1.5000000000000027       -2.2651079273620200      -0.76510792736201738        1.7076617897515689E-013   3.7450598178168093E-013   5.2047255394427339E-013
   34000.000000000000        1.5000000000000047       -2.2609403311731771      -0.76094033117317239        2.2951085476563549E-013   3.5127456499139953E-013   4.1766590186398389E-013
   34100.000000000000        1.5000000000000047       -2.2545992612035657      -0.75459926120356102        2.9964919434632975E-013   3.4294095341280695E-013   4.8006043584791769E-013
   34200.000000000000        1.5000000000000056       -2.2789181989453176      -0.77891819894531200        3.0531133177191805E-013   3.1941116418465754E-013   3.9036135435210895E-013
   34300.000000000000        1.5000000000000029       -2.2729741760507260      -0.77297417605072316        3.3462121962202218E-013   3.2497615709559113E-013   4.2668646393906329E-013
   34400.000000000000        1.4999999999999984       -2.2933091480834564      -0.79330914808345798        2.8210767055725228E-013   4.4220876960210376E-013   5.0515147620444623E-013
   34500.000000000000        1.5000000000000044       -2.2910489024442571      -0.79104890244425263        2.8910207561239076E-013   2.0869417305391380E-013   4.6407322429331543E-013
   34600.000000000000        1.5000000000000007       -2.2756329287800479      -0.77563292878004719        3.3606450955403488E-013   2.7489122089718876E-013   4.1333603206794578E-013
   34700.000000000000        1.4999999999999938       -2.2598729850051753      -0.75987298500518152        2.8463342793827451E-013   2.5485169530270468E-013   3.5725589153656756E-013
   34800.000000000000        1.5000000000000011       -2.2607579866353591      -0.76075798663535799        3.1530333899354446E-013   2.8715918531929674E-013   4.1056047450638289E-013
   34900.000000000000        1.5000000000000071       -2.2733452027675751      -0.77334520276756802        3.1816910217585814E-013   1.8540724511240114E-013   4.8422377219026203E-013
   35000.000000000000        1.5000000000000016       -2.2730313967906812      -0.77303139679067967        3.2551739082009590E-013   2.1294077612310502E-013   3.5560443478743764E-013
   35100.000000000000        1.4999999999999969       -2.2783822129277169      -0.77838221292772003        2.6445512446571229E-013   3.0002389461714074E-013   4.4786396813378815E-013
   35200.000000000000        1.5000000000000036       -2.2644212002242536      -0.76442120022425009        2.0783375020982930E-013   2.7733371155136410E-013   3.9673819784979969E-013
   35300.000000000000        1.5000000000000062       -2.2694734341836127      -0.76947343418360648        3.3351099659739702E-013   2.7822188997106423E-013   3.1619151741324458E-013
   35400.000000000000        1.5000000000000016       -2.2585901190058610      -0.75859011900585949        3.0053737276602988E-013   2.5590640717609858E-013   4.3454129183828627E-013
   35500.000000000000        1.5000000000000009       -2.2724287753044972      -0.77242877530449627        2.6312285683616210E-013   3.0042635046356736E-013   4.2188474935755949E-013
   35600.000000000000        1.5000000000000053       -2.2749897994142843      -0.77498979941427892        2.7489122089718876E-013   2.8821389719269064E-013   3.0253577421035516E-013
   35700.000000000000        1.4999999999999940       -2.2765106193976892      -0.77651061939769517        2.8532731732866523E-013   3.0198066269804258E-013   4.9965587223255170E-013
   35800.000000000000        1.5000000000000022       -2.2598009689054197      -0.75980096890541748        2.3536728122053319E-013   3.3595348725157237E-013   5.6099569434309160E-013
   35900.000000000000        1.4999999999999993       -2.2361425111665429      -0.73614251116654361        3.7081449022480228E-013   3.6570746431152656E-013   5.3479443096193791E-013
   36000.000000000000        1.5000000000000027       -2.2381454255102411      -0.73814542551023843        1.7119639039719914E-013   3.0175861809311755E-013   5.6088467204062908E-013
   36100.000000000000        1.5000000000000038       -2.2371576006252525      -0.73715760062524871        2.6378899065093719E-013   3.7503333771837788E-013   4.7428727611986687E-013
   36200.000000000000        1.4999999999999933       -2.2670430440628282      -0.76704304406283486        2.2715163083830703E-013   4.5063952569535104E-013   4.8672177399566863E-013
   36300.000000000000        1.5000000000000007       -2.2521740349726391      -0.75217403497263846        2.2892798767770728E-013   3.2651659154225854E-013   4.4231285301066237E-013
   36400.000000000000        1.5000000000000071       -2.2678779832185025      -0.76787798321849543        2.3092638912203256E-013   3.6703973194107675E-013   4.4797499043625066E-013
   36500.000000000000        1.4999999999999973       -2.2468846564337599      -0.74688465643376256        1.6964207816272392E-013   4.0734082773496993E-013   3.3728575488112256E-013
   36600.000000000000        1.5000000000000007       -2.2451725362291173      -0.74517253622911661        1.5032419753424620E-013   4.1000536299407031E-013   4.4286796452297494E-013
   36700.000000000000        1.5000000000000020       -2.2577413008833109      -0.75774130088330893        1.7275070263167436E-013   4.2360559504572848E-013   4.4098058538111218E-013
   36800.000000000000        1.4999999999999956       -2.2414336654270377      -0.74143366542704214        3.3373304120232206E-013   4.6440629120070298E-013   3.5949021537362569E-013
   36900.000000000000        1.5000000000000044       -2.2472415696598667      -0.74724156965986221        1.7297274723659939E-013   4.0356606945124440E-013   4.2477132922158489E-013
   37000.000000000000        1.4999999999999991       -2.2636073352398252      -0.76360733523982605        3.0597746558669314E-013   4.8250292650209303E-013   2.9065638784686598E-013
   37100.000000000000        1.5000000000000000       -2.2708679869974877      -0.77086798699748771        3.1841196346249490E-013   4.7961634663806763E-013   3.7125857943465235E-013
   37200.000000000000        1.4999999999999956       -2.2605691035733608      -0.76056910357336527        2.9087843245179101E-013   5.6410431881204204E-013   3.4072744625746054E-013
   37300.000000000000        1.5000000000000009       -2.2445158254752324      -0.74451582547523154        2.1316282072803006E-013   4.6354586835661848E-013   3.0900282332879669E-013
   37400.000000000000        1.5000000000000000       -2.2530809484319687      -0.75308094843196871        3.4838798512737412E-013   5.7620574978045624E-013   4.1755487956152137E-013
   37500.000000000000        1.5000000000000033       -2.2417266367807640      -0.74172663678076067        2.4125146325104652E-013   4.6140868903421506E-013   4.2188474935755949E-013
   37600.000000000000        1.4999999999999989       -2.2539972042008856      -0.75399720420088667        2.4424906541753444E-013   4.9960036108132044E-013   4.1194825328716433E-013
   37700.000000000000        1.4999999999999982       -2.2447631559466119      -0.74476315594661369        2.7755575615628914E-013   4.5052850339288852E-013   5.6088467204062908E-013
   37800.000000000000        1.4999999999999944       -2.2464093294969563      -0.74640932949696182        1.6717183193293295E-013   4.9688551884141674E-013   4.5996539910220235E-013
   37900.000000000000        1.4999999999999969       -2.2494491886969281      -0.74944918869693122        2.2262747201295952E-013   6.2883032114768866E-013   4.8228088189716800E-013
   38000.000000000000        1.4999999999999982       -2.2422613692459961      -0.74226136924599784        2.0144996781823465E-013   4.2366110619695974E-013   4.4808601273871318E-013
   38100.000000000000        1.4999999999999967       -2.2419432157972397      -0.74194321579724298        2.1915802506100590E-013   5.0504045390198371E-013   4.8516746176119341E-013
   38200.000000000000        1.4999999999999916       -2.2387069987446857      -0.73870699874469414        2.5290880500961066E-013   4.8730464108359683E-013   4.2083003748416559E-013
   38300.000000000000        1.4999999999999958       -2.2160152586600534      -0.71601525866005766        2.4047430713380891E-013   5.1655901778246971E-013   4.7478687648094819E-013
   38400.000000000000        1.4999999999999976       -2.2128285979655491      -0.71282859796555154        2.9531932455029164E-013   5.2824411511664948E-013   4.2432724001173483E-013
   38500.000000000000        1.4999999999999882       -2.2182102677907154      -0.71821026779072716        2.7977620220553945E-013   4.4399206533540791E-013   4.6862513869427858E-013
   38600.000000000000        1.5000000000000018       -2.2358606358406070      -0.73586063584060524        3.0175861809311755E-013   4.9671378121729504E-013   4.2055248172800930E-013
   38700.000000000000        1.4999999999999956       -2.2305679635964091      -0.73056796359641352        3.0275781881528019E-013   4.6307402357115279E-013   5.4045656838752620E-013
   38800.000000000000        1.4999999999999927       -2.2611597727343211      -0.76115977273432844        2.3803181647963356E-013   4.2825118451439437E-013   4.3143266736933583E-013
   38900.000000000000        1.5000000000000013       -2.2562018245855842      -0.75620182458558283        3.2929214910382143E-013   3.3262281817769690E-013   4.3409720262843621E-013
   39000.000000000000        1.5000000000000067       -2.2607966110392752      -0.76079661103926854        2.2987167724863866E-013   3.7658764995285310E-013   4.8294701571194310E-013
   39100.000000000000        1.4999999999999993       -2.2503137653355911      -0.75031376533559180        1.6897594434794883E-013   4.2343906159203470E-013   5.3401727484470030E-013
   39200.000000000000        1.4999999999999967       -2.2386761337209808      -0.73867613372098417        2.4846791291111003E-013   4.0789593924728251E-013   5.9863225487788441E-013
   39300.000000000000        1.4999999999999984       -2.2448101605865705      -0.74481016058657201        2.7422508708241367E-013   4.5330406095445142E-013   6.1228799808077383E-013
   39400.000000000000        1.4999999999999973       -2.2522100586346028      -0.75221005863460544        3.3906211172052281E-013   3.6290415117434804E-013   6.2018445934342026E-013
   39500.000000000000        1.5000000000000073       -2.2622187281778228      -0.76221872817781544        2.8721469647052800E-013   2.9942714974140472E-013   5.6359691219531882E-013
   39600.000000000000        1.4999999999999978       -2.2483849738113522      -0.74838497381135438        2.1968538099770285E-013   3.3484326422694721E-013   6.9291794524417583E-013
   39700.000000000000        1.5000000000000011       -2.2417748911034301      -0.74177489110342898        1.9395596240201485E-013   3.4727776210274897E-013   6.3049565568462640E-013
   39800.000000000000        1.5000000000000016       -2.2499457822239739      -0.74994578222397235        2.2015722578316854E-013   4.0811798385220754E-013   6.1206595347584880E-013
   39900.000000000000        1.5000000000000011       -2.2384325296757597      -0.73843252967575856        1.2523315717771766E-013   3.8191672047105385E-013   5.2979842735112470E-013
   40000.000000000000        1.4999999999999964       -2.2223540786887481      -0.72235407868875168        1.5099033134902129E-013   4.7034598438244757E-013   5.5647153551774409E-013
   40100.000000000000        1.4999999999999993       -2.2216795243813312      -0.72167952438133187        1.8074430840897548E-013   4.8622217363458731E-013   5.2835513741911200E-013
   40200.000000000000        1.5000000000000047       -2.2312206786030200      -0.73122067860301532        2.0605739337042905E-013   4.5216608235421063E-013   4.9753257069795609E-013
   40300.000000000000        1.5000000000000062       -2.2279870548725658      -0.72798705487255955        2.2226664952995634E-013   4.7362114230509178E-013   4.9082959918678171E-013
   40400.000000000000        1.4999999999999953       -2.2246536691796481      -0.72465366917965279        9.8365759981788869E-014   4.6362913508346537E-013   5.3823612233827589E-013
   40500.000000000000        1.4999999999999978       -2.2305477341444186      -0.73054773414442087        1.6076029396572267E-013   4.4431125445498765E-013   5.9152682752028340E-013
   40600.000000000000        1.4999999999999982       -2.2428119857196136      -0.74281198571961538        1.3944401189291966E-013   6.6524563635539380E-013   6.1839422471621219E-013
   40700.000000000000        1.5000000000000016       -2.2554672564584384      -0.75546725645843682        2.7478019859472624E-013   5.0137671792072069E-013   6.6602279247263141E-013
   40800.000000000000        1.4999999999999949       -2.2552750330358355      -0.75527503303584065        1.5865087021893487E-013   5.3046456116589980E-013   6.1750604629651207E-013
   40900.000000000000        1.5000000000000007       -2.2591427237310047      -0.75914272373100400        1.1124434706744069E-013   5.5755400296675361E-013   5.4767301804758972E-013
   41000.000000000000        1.4999999999999969       -2.2505766273833014      -0.75057662738330455        1.6187051699034782E-013   6.1939342543837483E-013   6.5653038561208632E-013
   41100.000000000000        1.5000000000000040       -2.2636372031794028      -0.76363720317939876        1.8862689188381410E-013   5.9985350020497208E-013   5.6190729152971741E-013
   41200.000000000000        1.4999999999999991       -2.2728714135682120      -0.77287141356821287        1.1690648449302898E-013   5.7054361235486795E-013   7.0332628610003667E-013
   41300.000000000000        1.5000000000000036       -2.2895965244767988      -0.78959652447679529        7.7299278089526524E-014   5.5300208856579047E-013   5.9419136277938378E-013
   41400.000000000000        1.4999999999999960       -2.2949523420990046      -0.79495234209900856        1.8196555373606316E-013   5.3708426595022729E-013   6.7557071048440775E-013
   41500.000000000000        1.4999999999999976       -2.2875585833689125      -0.78755858336891493        1.3333778525748130E-013   5.2913229353634961E-013   6.1012306318275478E-013
   41600.000000000000        1.5000000000000073       -2.2750535227340087      -0.77505352273400141        2.3991919562149633E-013   4.8161474808239291E-013   7.0422834230754461E-013
   41700.000000000000        1.5000000000000007       -2.2531387678023393      -0.75313876780233868        1.5121237595394632E-013   5.5280779953648107E-013   6.7257310831791983E-013
   41800.000000000000        1.4999999999999951       -2.2610448095096807      -0.76104480950968556        7.4051875742497941E-014   4.9960036108132044E-013   6.4181993053580300E-013
   41900.000000000000        1.4999999999999993       -2.2709615788393727      -0.77096157883937333        1.4321877017664519E-013   4.3608172628495367E-013   6.1550764485218679E-013
   42000.000000000000        1.5000000000000109       -2.2743040494186979      -0.77430404941868702        4.2632564145606011E-014   4.3290371287696416E-013   6.7326699770831056E-013
   42100.000000000000        1.4999999999999971       -2.2761106497662498      -0.77611064976625266       -1.5543122344752192E-014   5.1447734961129754E-013   4.9248452538286358E-013
   42200.000000000000        1.4999999999999936       -2.2655752465040733      -0.76557524650407971       -2.1094237467877974E-014   5.9430238508184630E-013   6.3771210534468992E-013
   42300.000000000000        1.5000000000000067       -2.2458424949198403      -0.74584249491983368        3.4972025275692431E-014   4.6562753652779065E-013   6.2194693839501269E-013
   42400.000000000000        1.5000000000000018       -2.2539071005944464      -0.75390710059444466       -5.1070259132757201E-015   5.2957638274619967E-013   6.7096328493221336E-013
   42500.000000000000        1.5000000000000138       -2.2535689512149446      -0.75356895121493084        8.4418583234935340E-014   5.2652326942848049E-013   5.8286014903430328E-013
   42600.000000000000        1.5000000000000042       -2.2579619557228936      -0.75796195572288938        1.0724754417879012E-013   5.3512749786932545E-013   6.2744254236690722E-013
   42700.000000000000        1.5000000000000064       -2.2474826830728238      -0.74748268307281740        7.1054273576010019E-015   4.8533399521488718E-013   6.1614602309134625E-013
   42800.000000000000        1.4999999999999964       -2.2484753279732255      -0.74847532797322902       -1.3322676295501878E-015   5.1500470554799449E-013   6.8545169540357165E-013
   42900.000000000000        1.4999999999999942       -2.2415900985113644      -0.74159009851137014       -1.5987211554602254E-014   6.7951200222182706E-013   6.7656991120657040E-013
   43000.000000000000        1.4999999999999913       -2.2273815711386793      -0.72738157113868795       -3.7303493627405260E-014   5.0381920857489604E-013   6.3316019094372678E-013
   43100.000000000000        1.5000000000000020       -2.2335994858384054      -0.73359948583840340        7.8825834748386114E-015   5.5885851502068817E-013   6.2871929884522615E-013
   43200.000000000000        1.5000000000000038       -2.2396048612233099      -0.73960486122330615       -6.1034510778767981E-014   5.1658677335808534E-013   5.7809312892231901E-013
   43300.000000000000        1.5000000000000091       -2.2211487481919598      -0.72114874819195074        5.9216520575944287E-014   4.6770920469896282E-013   5.3779203312842583E-013
   43400.000000000000        1.4999999999999973       -2.2034422895397645      -0.70344228953976717       -3.1086244689504383E-014   4.6590509228394694E-013   5.5666582454705349E-013
   43500.000000000000        1.5000000000000042       -2.2354671262609243      -0.73546712626092003       -1.9428902930940239E-014   4.8239190419963052E-013   6.2561067437627571E-013
   43600.000000000000        1.4999999999999964       -2.2475898990081489      -0.74758989900815243       -4.7961634663806763E-014   4.2810199829546036E-013   5.8819615844640794E-013
   43700.000000000000        1.5000000000000038       -2.2502642612833417      -0.75026426128333790        9.9920072216264089E-015   4.5791148650664582E-013   6.0534910417686660E-013
   43800.000000000000        1.4999999999999962       -2.2488834287452462      -0.74888342874524993        5.2846615972157451E-014   6.6563421441401260E-013   6.1378679916401779E-013
   43900.000000000000        1.5000000000000022       -2.2426252010965895      -0.74262520109658725        6.9277916736609768E-014   5.4811710725743978E-013   7.0232708537787403E-013
   44000.000000000000        1.5000000000000089       -2.2545755879458862      -0.75457558794587731        5.8286708792820718E-014   4.4847459079733198E-013   6.5913940971995544E-013
   44100.000000000000        1.5000000000000033       -2.2395454418925276      -0.73954544189252425       -3.0642155479654321E-014   5.1197934780589094E-013   6.1284310959308641E-013
   44200.000000000000        1.4999999999999925       -2.2250290312727015      -0.72502903127270901        5.9896532178527195E-014   5.5627724648843468E-013   6.4481753270229092E-013
   44300.000000000000        1.4999999999999956       -2.2384456309974006      -0.73844563099740501       -5.1070259132757201E-015   5.2485793489154275E-013   6.4936944710325406E-013
   44400.000000000000        1.5000000000000000       -2.2449972912446454      -0.74499729124464542        2.8865798640254070E-015   6.4837024638109142E-013   7.6783024383075826E-013
   44500.000000000000        1.5000000000000049       -2.2361591130111682      -0.73615911301116332       -7.4884543010966809E-014   4.8583359557596850E-013   6.4458161030955807E-013
   44600.000000000000        1.5000000000000016       -2.2270698713713535      -0.72706987137135193        2.4424906541753444E-014   5.9710569821902482E-013   6.2649885279597584E-013
   44700.000000000000        1.4999999999999929       -2.2486634301134001      -0.74866343011340719        4.1217029789208937E-015   6.1983751464822490E-013   6.5242256042097324E-013
   44800.000000000000        1.5000000000000000       -2.2704631079928119      -0.77046310799281192       -4.7531423241764514E-014   6.6013861044211808E-013   6.2261307220978779E-013
   44900.000000000000        1.5000000000000020       -2.2566834187452898      -0.75668341874528777        1.9984014443252818E-014   6.4614980033184111E-013   6.7679195581149543E-013
   45000.000000000000        1.4999999999999891       -2.2507465438820726      -0.75074654388208351        3.1030733538273125E-014   6.6195660064494177E-013   7.0543570984682447E-013
   45100.000000000000        1.4999999999999984       -2.2775301480006069      -0.77753014800060849       -1.9761969838327786E-014   6.8745009684789693E-013   6.4970251401064161E-013
   45200.000000000000        1.5000000000000020       -2.2670740078078078      -0.76707400780780577       -6.4614980033184111E-014   6.2749805351813848E-013   7.0460304257835560E-013
   45300.000000000000        1.5000000000000031       -2.2606213901863383      -0.76062139018633523        2.3314683517128287E-014   4.5896619838003971E-013   6.6557870326278135E-013
   45400.000000000000        1.5000000000000007       -2.2222889857853065      -0.72228898578530587       -3.6082248300317588E-014   6.2515270737861783E-013   6.5751223909948919E-013
   45500.000000000000        1.4999999999999956       -2.2008997879543575      -0.70089978795436192       -6.7949118554011534E-014   6.2549965207381319E-013   6.0895732900689836E-013
   45600.000000000000        1.4999999999999911       -2.2075046987685449      -0.70750469876855382       -2.7144952952085077E-014   6.3105076719693898E-013   6.3862803934000567E-013
   45700.000000000000        1.5000000000000020       -2.2298600579385255      -0.72986005793852349       -7.7576833845682813E-015   6.2172489379008766E-013   6.4438732128024867E-013
   45800.000000000000        1.4999999999999984       -2.2035865658612850      -0.70358656586128654       -5.1847415249994810E-014   6.2216898299993773E-013   5.7198690228688065E-013
   45900.000000000000        1.4999999999999905       -2.2229139228427419      -0.72291392284275147       -2.7866597918091429E-014   5.2302606690091125E-013   6.5059069243034173E-013
   46000.000000000000        1.5000000000000007       -2.2363811193853955      -0.73638111938539486       -4.5463632858400160E-014   6.0018656711235963E-013   5.7220894689180568E-013
   46100.000000000000        1.4999999999999931       -2.2519182934218351      -0.75191829342184202       -9.6922470049776166E-014   5.2424731222799892E-013   5.1947335322211075E-013
   46200.000000000000        1.5000000000000013       -2.2529819475516510      -0.75298194755164971       -6.4170890823334048E-014   4.7872816821836750E-013   5.3435034175208784E-013
   46300.000000000000        1.4999999999999960       -2.2557075748830471      -0.75570757488305107       -1.0699080510434555E-013   5.3412829714716281E-013   4.9366066789957586E-013
   46400.000000000000        1.4999999999999971       -2.2538028664573901      -0.75380286645739303       -9.5146113210375916E-014   4.2166270475263445E-013   3.3378855235355331E-013
   46500.000000000000        1.4999999999999880       -2.2786276712942528      -0.77862767129426480       -1.6231460620019789E-013   4.2643666375852263E-013   4.9404924595819466E-013
   46600.000000000000        1.5000000000000018       -2.2665274792384156      -0.76652747923841380       -8.1490370007486490E-014   4.5838333129211151E-013   4.9271697832864447E-013
   46700.000000000000        1.5000000000000040       -2.2556186745204427      -0.75561867452043874       -9.9698027611339057E-014   5.1153525859604088E-013   4.1278092055563320E-013
   46800.000000000000        1.5000000000000073       -2.2829141854840973      -0.78291418548408998       -4.7073456244106637E-014   4.6029846600958990E-013   5.5422333389287814E-013
   46900.000000000000        1.4999999999999978       -2.2762047293838643      -0.77620472938386653       -1.4654943925052066E-014   4.8239190419963052E-013   5.0037751719855805E-013
   47000.000000000000        1.5000000000000029       -2.2767478030077886      -0.77674780300778568       -7.6605388699135801E-014   4.8183679268731794E-013   5.7576166057060618E-013
   47100.000000000000        1.4999999999999998       -2.2921195586531233      -0.79211955865312356       -1.2412293415309250E-013   5.9857674372665315E-013   4.7539749914449203E-013
   47200.000000000000        1.4999999999999953       -2.2597206655967446      -0.75972066559674922       -1.8851586958135158E-013   5.5283555511209670E-013   4.3476333644321130E-013
   47300.000000000000        1.5000000000000049       -2.2599053081386207      -0.75990530813861579       -1.3497536421880341E-013   4.7117865165091644E-013   5.1370019349405993E-013
   47400.000000000000        1.4999999999999976       -2.2666979209397158      -0.76669792093971822       -9.1482377229112899E-014   5.6138427240171040E-013   3.9024339315574252E-013
   47500.000000000000        1.4999999999999971       -2.2569539501946574      -0.75695395019466027        8.9483975784787617E-014   6.4992455861556664E-013   5.1196200057113117E-013
   47600.000000000000        1.4999999999999993       -2.2659812474541039      -0.76598124745410456       -6.4614980033184111E-014   7.2267192230413002E-013   5.1009196866402817E-013
   47700.000000000000        1.5000000000000089       -2.2787761690880934      -0.77877616908808456        2.0428103653102880E-014   7.0515815409066818E-013   4.2832404290038539E-013
   47800.000000000000        1.4999999999999956       -2.2621070355552018      -0.76210703555520620       -4.8627768478581856E-014   6.7057470687359455E-013   4.6571080325463754E-013
   47900.000000000000        1.4999999999999984       -2.2829078569657830      -0.78290785696578458       -1.7907897387203775E-013   6.3540839256859272E-013   3.9113157157544265E-013
   48000.000000000000        1.5000000000000033       -2.2874444823005238      -0.78744448230052044       -8.2656104183342904E-014   7.4928951931951815E-013   4.5408121707168903E-013
   48100.000000000000        1.4999999999999987       -2.2862895987274725      -0.78628959872747384       -4.0134562340199409E-014   6.7723604502134549E-013   4.6673775955241581E-013
   48200.000000000000        1.5000000000000044       -2.2873145661408301      -0.78731456614082562       -1.7874590696465020E-014   7.9047879353311146E-013   4.5108968643736702E-013
   48300.000000000000        1.5000000000000016       -2.2797935701037555      -0.77979357010375394       -6.6585625901893764E-014   7.6522121972288915E-013   4.8294701571194310E-013
   48400.000000000000        1.5000000000000038       -2.2608039122747128      -0.76080391227470900       -3.1530333899354446E-014   7.5073280925153085E-013   5.0981441290787188E-013
   48500.000000000000        1.5000000000000000       -2.2599569267362600      -0.75995692673626003       -7.8381745538536052E-014   8.0557782666801359E-013   4.5785597535541456E-013
   48600.000000000000        1.5000000000000080       -2.2510405725364930      -0.75104057253648504       -3.4638958368304884E-014   7.5939254884360707E-013   6.0529359302563535E-013
   48700.000000000000        1.4999999999999936       -2.2531602774261303      -0.75316027742613678       -5.3290705182007514E-014   8.0757622811233887E-013   5.6898930012039273E-013
   48800.000000000000        1.4999999999999942       -2.2489864694224408      -0.74898646942244662        3.4416913763379853E-014   7.9891648852026265E-013   6.1373128801278654E-013
   48900.000000000000        1.5000000000000002       -2.2451505361835906      -0.74515053618359040       -7.7715611723760958E-014   7.5250916609093110E-013   5.5128124287762148E-013
   49000.000000000000        1.4999999999999996       -2.2290131152396095      -0.72901311523960999       -8.9039886574937555E-014   8.6641804841747216E-013   5.2202686617874861E-013
   49100.000000000000        1.4999999999999956       -2.2374294205952863      -0.73742942059529071       -1.3278267374516872E-013   8.0838113980519211E-013   5.5268289944621074E-013
   49200.000000000000        1.5000000000000084       -2.2338074881518271      -0.73380748815181862       -1.6431300764452317E-013   7.0843331201331239E-013   5.6130100567486352E-013
   49300.000000000000        1.5000000000000020       -2.2415741559012865      -0.74157415590128450       -9.9364960703951510E-014   8.5520479586875808E-013   5.0692783304384648E-013
   49400.000000000000        1.5000000000000020       -2.2180506860289508      -0.71805068602894884       -1.2828627049543684E-013   7.9347639569959938E-013   5.3956838996782608E-013
   49500.000000000000        1.4999999999999960       -2.2351104093009329      -0.73511040930093685       -1.6397994073713562E-013   8.1179507560591446E-013   4.4275694222051243E-013
   49600.000000000000        1.4999999999999969       -2.2310790477733735      -0.73107904777337662       -6.9833028248922346E-014   7.6008643823399780E-013   4.3898218393678690E-013
   49700.000000000000        1.5000000000000049       -2.2333150279695273      -0.73331502796952241       -1.2423395645555502E-013   8.1268325402561459E-013   4.5197179332490123E-013
   49800.000000000000        1.5000000000000022       -2.2388600258630733      -0.73886002586307109       -1.1390888232654106E-013   8.1312734323546465E-013   4.8927528695230649E-013
   49900.000000000000        1.5000000000000036       -2.2478194079375982      -0.74781940793759460       -9.8809849191638932E-014   8.7529983261447342E-013   5.1736392947532295E-013
   50000.000000000000        1.5000000000000013       -2.2662731857237333      -0.76627318572373193       -4.0356606945124440E-014   7.6183503949778242E-013   5.2735593669694936E-013
