   11.0000000     ,  -6.36945711E-04 ,   8.77044797E-02 ,   3228.93970     ,   1141.01184     , -0.778539300     ,   388.792358     ,  0.944192350    
   10.9799995     ,   1.24464836E-03 ,   8.85656476E-02 ,   3280.99756     ,   1148.29626     , -0.781493366     ,   384.123901     ,  0.926739156    
   10.9600000     ,   2.02046684E-03 ,   8.90733376E-02 ,   3340.70728     ,   1180.23425     , -0.786339819     ,   393.202606     ,  0.931695223    
   10.9399996     ,  -1.42111036E-03 ,   9.08453539E-02 ,   3477.01685     ,   1225.01196     , -0.791736901     ,   399.156616     ,  0.928492367    
   10.9200001     ,   1.39528792E-03 ,   9.12664384E-02 ,   3488.55981     ,   1211.44189     , -0.794870913     ,   404.453522     ,  0.918371558    
   10.8999996     ,   1.50445476E-03 ,   9.21919420E-02 ,   3570.59814     ,   1242.87549     , -0.799914181     ,   405.985443     ,  0.908192456    
   10.8800001     ,  -5.36060601E-04 ,   9.45631415E-02 ,   3782.71045     ,   1328.63245     , -0.805167139     ,   433.384430     ,  0.924448848    
   10.8599997     ,  -5.73999574E-03 ,   9.57833678E-02 ,   3834.27881     ,   1320.79871     , -0.809266686     ,   436.247711     ,  0.903944612    
   10.8400002     ,  -2.42651513E-04 ,   9.87137929E-02 ,   4064.46924     ,   1380.29163     , -0.815834284     ,   439.343964     ,  0.883782029    
   10.8199997     ,   3.65898502E-03 ,   9.92045999E-02 ,   4157.08984     ,   1444.82141     , -0.820716083     ,   460.422363     ,  0.909425080    
   10.8000002     ,  -2.29547368E-04 ,   9.98895541E-02 ,   4219.50635     ,   1460.82495     , -0.824892819     ,   465.892883     ,  0.906599164    
   10.7799997     ,  -1.73461938E-03 ,  0.101995297     ,   4401.06494     ,   1520.32898     , -0.831362247     ,   480.982880     ,  0.896876514    
   10.7600002     ,   6.36482728E-04 ,  0.104621314     ,   4629.98242     ,   1592.60010     , -0.838125765     ,   504.661499     ,  0.889467180    
   10.7399998     ,  -6.36471203E-03 ,  0.106590703     ,   4782.91602     ,   1635.38037     , -0.843807459     ,   517.594238     ,  0.887529969    
   10.7200003     ,   2.82633887E-03 ,  0.109048285     ,   4982.78760     ,   1672.70728     , -0.849477530     ,   525.403198     ,  0.873216331    
   10.6999998     ,  -6.60903519E-04 ,  0.109142624     ,   5057.83594     ,   1733.71716     , -0.854077101     ,   547.239929     ,  0.898037553    
   10.6800003     ,   1.75304740E-04 ,  0.111552536     ,   5255.30176     ,   1776.14441     , -0.861060977     ,   554.970337     ,  0.877883971    
   10.6599998     ,  -3.95298563E-03 ,  0.114229932     ,   5485.66113     ,   1835.01514     , -0.868123531     ,   573.341492     ,  0.854169369    
   10.6400003     ,   2.31595943E-03 ,  0.113233246     ,   5425.61963     ,   1828.85437     , -0.869888842     ,   571.044739     ,  0.876169801    
   10.6199999     ,  -4.45037708E-03 ,  0.120411456     ,   6096.06348     ,   2025.02759     , -0.883545280     ,   625.132996     ,  0.847990870    
   10.6000004     ,  -3.93080292E-03 ,  0.119545229     ,   6050.48047     ,   2029.08972     , -0.887162387     ,   632.115479     ,  0.859484553    
   10.5799999     ,  -2.30868068E-03 ,  0.123939797     ,   6470.70410     ,   2136.86597     , -0.896390498     ,   658.766907     ,  0.843821824    
   10.5600004     ,  -8.31771642E-04 ,  0.127359122     ,   6844.65137     ,   2258.32300     , -0.905734539     ,   688.276978     ,  0.836137474    
   10.5400000     ,  -1.07660936E-03 ,  0.130776867     ,   7182.34766     ,   2337.50977     , -0.913879454     ,   724.433716     ,  0.823563337    
   10.5200005     ,   4.36050002E-04 ,  0.134693995     ,   7564.54053     ,   2415.05786     , -0.922354281     ,   750.652344     ,  0.805872321    
   10.5000000     ,  -7.39893550E-03 ,  0.136376500     ,   7768.24854     ,   2494.77222     , -0.930344284     ,   767.331055     ,  0.804838538    
   10.4799995     ,  -5.21567650E-03 ,  0.140709296     ,   8250.94922     ,   2617.49634     , -0.940277159     ,   812.798706     ,  0.787580490    
   10.4600000     ,  -2.36584246E-03 ,  0.141723469     ,   8393.97656     ,   2661.81592     , -0.947557032     ,   835.320496     ,  0.795243979    
   10.4399996     ,   2.77420529E-03 ,  0.147437781     ,   9033.52734     ,   2818.38940     , -0.956587851     ,   905.211487     ,  0.778437674    
   10.4200001     ,   1.12234903E-02 ,  0.150726199     ,   9325.51074     ,   2851.36450     , -0.966658115     ,   904.994080     ,  0.761272490    
   10.3999996     ,  -4.44721337E-03 ,  0.159521043     ,   10429.7979     ,   3129.29932     , -0.985061646     ,   1021.43365     ,  0.745165169    
   10.3800001     ,   4.58310312E-03 ,  0.158615842     ,   10511.5986     ,   3280.23096     , -0.990059793     ,   1072.90723     ,  0.764553726    
   10.3599997     ,  -1.05198408E-02 ,  0.165427864     ,   11205.8467     ,   3350.14111     ,  -1.00368154     ,   1118.97375     ,  0.742369354    
   10.3400002     ,  -1.58949271E-02 ,  0.174140930     ,   12240.4033     ,   3556.09497     ,  -1.02260792     ,   1204.84985     ,  0.710465670    
   10.3199997     ,  -9.40128288E-04 ,  0.175288513     ,   12515.6191     ,   3625.60962     ,  -1.02952707     ,   1230.73059     ,  0.709510922    
   10.3000002     ,   1.45077929E-02 ,  0.183052048     ,   13463.8115     ,   3810.80005     ,  -1.04564750     ,   1333.10632     ,  0.694710910    
   10.2799997     ,  -1.46226948E-02 ,  0.193262577     ,   14658.8096     ,   3871.91309     ,  -1.06430686     ,   1387.74573     ,  0.655611336    
   10.2600002     ,  -7.81880785E-03 ,  0.196311578     ,   15255.8369     ,   4057.78564     ,  -1.07537794     ,   1472.33337     ,  0.658370316    
   10.2399998     ,   1.90807227E-03 ,  0.201734081     ,   16040.0039     ,   4173.92578     ,  -1.09251153     ,   1547.10059     ,  0.649474204    
   10.2200003     ,  -3.80178005E-03 ,  0.216920063     ,   18155.5938     ,   4411.92822     ,  -1.12202299     ,   1726.41223     ,  0.615733504    
   10.1999998     ,  -1.26818297E-02 ,  0.227871388     ,   19712.3242     ,   4558.59082     ,  -1.14633393     ,   1827.38379     ,  0.592102051    
   10.1800003     ,   6.87505305E-03 ,  0.232230887     ,   20565.7090     ,   4760.55078     ,  -1.16096687     ,   1942.49805     ,  0.591315389    
   10.1599998     ,   1.55481631E-02 ,  0.243258461     ,   22220.1367     ,   4899.97852     ,  -1.18623579     ,   2084.56543     ,  0.573043048    
   10.1400003     ,  -7.38678267E-03 ,  0.250257701     ,   23443.6426     ,   5017.01318     ,  -1.20636499     ,   2221.25903     ,  0.566970944    
   10.1199999     ,  -1.93112362E-02 ,  0.265666634     ,   25820.0703     ,   5105.29883     ,  -1.23976612     ,   2364.23779     ,  0.537620783    
   10.1000004     ,   2.98407581E-02 ,  0.274997205     ,   27147.8848     ,   5053.67871     ,  -1.26195049     ,   2429.81055     ,  0.522039831    
   10.0799999     ,  -1.21105332E-02 ,  0.282946229     ,   28863.7617     ,   5191.57227     ,  -1.28675866     ,   2571.78198     ,  0.516030610    
   10.0600004     ,   1.30116958E-02 ,  0.303070813     ,   32212.2539     ,   4999.25098     ,  -1.33075738     ,   2692.51782     ,  0.487235934    
   10.0400000     ,  -9.27204208E-04 ,  0.306830913     ,   33280.6133     ,   5281.25928     ,  -1.34918523     ,   2871.00122     ,  0.489004791    
   10.0200005     ,  -3.70059311E-02 ,  0.321823061     ,   35538.8633     ,   5082.83105     ,  -1.38818204     ,   2902.15454     ,  0.469970316    
   10.0000000     ,   1.92775168E-02 ,  0.332749605     ,   38065.7812     ,   5115.24365     ,  -1.41856217     ,   3074.21509     ,  0.461343020    
   9.97999954     ,   1.89866405E-02 ,  0.340312630     ,   39557.1719     ,   5014.24414     ,  -1.44052017     ,   3131.57422     ,  0.453826934    
   9.96000004     ,   1.47857703E-02 ,  0.361246139     ,   43900.5469     ,   4842.86816     ,  -1.49865031     ,   3289.74023     ,  0.435874373    
   9.93999958     ,   7.15267360E-02 ,  0.371176183     ,   44334.0977     ,   4484.22119     ,  -1.52469099     ,   3183.18408     ,  0.424468488    
   9.92000008     ,   3.12451255E-02 ,  0.382882744     ,   48425.6367     ,   4592.19043     ,  -1.56528616     ,   3435.64526     ,  0.420613468    
   9.89999962     ,   6.36773184E-02 ,  0.395248950     ,   49908.7578     ,   4012.99878     ,  -1.59783101     ,   3264.85083     ,  0.407899439    
   9.88000011     ,  0.106533006     ,  0.409179151     ,   51121.9141     ,   3951.13550     ,  -1.64405918     ,   3391.47705     ,  0.401542872    
   9.85999966     ,  0.122537144     ,  0.423722118     ,   53322.9844     ,   3498.51685     ,  -1.68860114     ,   3325.96533     ,  0.391681552    
   9.84000015     ,   1.21802855E-02 ,  0.433716029     ,   60399.0195     ,   3361.49634     ,  -1.72425520     ,   3315.24927     ,  0.386607647    
   9.81999969     ,  -4.20480641E-03 ,  0.444136590     ,   63161.9883     ,   3186.99731     ,  -1.76138377     ,   3324.29785     ,  0.381707668    
   9.80000019     ,  0.297655523     ,  0.453458518     ,   38527.5547     ,   2870.70142     ,  -1.79376912     ,   3257.05957     ,  0.377193660    
   9.77999973     ,   3.35544646E-02 ,  0.466472298     ,   68612.6484     ,   2520.87817     ,  -1.83901346     ,   3240.71313     ,  0.371330559    
   9.76000023     ,  -4.41138223E-02 ,  0.472581446     ,   70215.6719     ,   2484.25977     ,  -1.86732042     ,   3241.41040     ,  0.369673759    
   9.73999977     ,  0.192144468     ,  0.483933240     ,   62688.9648     ,   2211.47974     ,  -1.91014123     ,   3078.92285     ,  0.364388227    
   9.72000027     , -0.177078649     ,  0.490290433     ,   66369.5859     ,   2156.23071     ,  -1.93703520     ,   3079.86768     ,  0.363009006    
   9.69999981     ,  0.129767522     ,  0.502333581     ,   74318.8828     ,   1824.28479     ,  -1.98442543     ,   3012.12671     ,  0.358989030    
   9.68000031     ,  0.314313889     ,  0.511354268     ,   51846.3789     ,   1661.49915     ,  -2.02220249     ,   2936.77612     ,  0.356343806    
   9.65999985     ,  0.212039411     ,  0.519263983     ,   70959.9688     ,   1511.29663     ,  -2.05583024     ,   2860.29346     ,  0.353994071    
   9.64000034     , -0.140679359     ,  0.524928331     ,   80723.9141     ,   1502.70349     ,  -2.08343220     ,   2918.25195     ,  0.353375077    
   9.61999989     ,  0.531935811     ,  0.531935811     ,   1409.04370     ,   1409.04370     ,  -2.11633778     ,   2899.54883     ,  0.352010846    
   9.60000038     ,  0.379840881     ,  0.538354874     ,   46587.2617     ,   1316.36719     ,  -2.14667344     ,   2778.78687     ,  0.350318879    
   9.57999992     ,  -3.59960236E-02 ,  0.546335101     ,   93885.2344     ,   1255.42798     ,  -2.18603611     ,   2802.83398     ,  0.349251300    
   9.56000042     ,  0.551721156     ,  0.551721156     ,   1232.45288     ,   1232.45288     ,  -2.21193624     ,   2793.61987     ,  0.348560989    
   9.53999996     ,  0.144378692     ,  0.559598684     ,   92608.0078     ,   1117.49219     ,  -2.25036526     ,   2715.87378     ,  0.346932232    
   9.52000046     ,  0.564162672     ,  0.564162672     ,   1073.07642     ,   1073.07642     ,  -2.27452135     ,   2679.79590     ,  0.346286714    
   9.50000000     ,  0.571261823     ,  0.571261823     ,   1017.01318     ,   1017.01318     ,  -2.31005287     ,   2695.64551     ,  0.345451206    
   9.47999954     , -0.211381048     ,  0.576389849     ,   91631.1562     ,   1061.55066     ,  -2.34011698     ,   2674.88550     ,  0.345024735    
   9.46000004     ,  0.581126630     ,  0.581255257     ,   1087.18286     ,   1039.99731     ,  -2.36547184     ,   2692.67725     ,  0.344573170    
   9.43999958     , -0.588684142     ,  0.588684142     ,   898.728882     ,   898.728882     ,  -2.40437722     ,   2596.73071     ,  0.343362033    
   9.42000008     ,  0.594511807     ,  0.594511807     ,   857.643311     ,   857.643311     ,  -2.43523955     ,   2556.06470     ,  0.342696518    
   9.39999962     ,  0.599570453     ,  0.599570453     ,   805.984070     ,   805.984070     ,  -2.46437669     ,   2511.34009     ,  0.342072129    
   9.38000011     ,  0.604691446     ,  0.604691446     ,   783.075684     ,   783.075684     ,  -2.49388146     ,   2494.26025     ,  0.341647804    
   9.35999966     ,  0.609544754     ,  0.609544754     ,   762.206238     ,   762.206238     ,  -2.52030683     ,   2494.04175     ,  0.341277748    
   9.34000015     ,  0.613956153     ,  0.613956153     ,   754.255859     ,   754.255859     ,  -2.54704952     ,   2491.25342     ,  0.341047317    
   9.31999969     , -0.619009376     ,  0.619009376     ,   741.215149     ,   741.215149     ,  -2.57644963     ,   2499.35547     ,  0.340755403    
   9.30000019     , -0.623306334     ,  0.623306334     ,   713.938171     ,   713.938171     ,  -2.60241032     ,   2484.12524     ,  0.340419412    
   9.27999973     ,  0.628213763     ,  0.628213763     ,   692.928345     ,   692.928345     ,  -2.63129902     ,   2473.94312     ,  0.340062618    
   9.26000023     ,  0.633497775     ,  0.633497775     ,   654.913574     ,   654.913574     ,  -2.66328931     ,   2411.40259     ,  0.339615554    
   9.23999977     ,  0.637927532     ,  0.637927532     ,   639.799805     ,   639.799805     ,  -2.69059348     ,   2384.93481     ,  0.339348346    
   9.22000027     ,  0.641762197     ,  0.641762197     ,   603.904541     ,   603.904541     ,  -2.71464729     ,   2337.32178     ,  0.338985473    
   9.19999981     ,  0.646013379     ,  0.646013379     ,   593.260864     ,   593.260864     ,  -2.74016905     ,   2337.83081     ,  0.338812500    
   9.18000031     ,  0.650700271     ,  0.650700271     ,   567.374695     ,   567.374695     ,  -2.76999259     ,   2287.15430     ,  0.338496625    
   9.15999985     ,  0.655245304     ,  0.655245304     ,   546.165405     ,   546.165405     ,  -2.79935622     ,   2263.25781     ,  0.338247389    
   9.14000034     ,  0.659027219     ,  0.659027219     ,   542.149841     ,   542.149841     ,  -2.82324791     ,   2297.61694     ,  0.338171989    
   9.11999989     ,  0.662092507     ,  0.662092507     ,   526.617310     ,   526.617310     ,  -2.84359002     ,   2254.68408     ,  0.337954670    
   9.10000038     , -0.667365193     ,  0.667365193     ,   507.087891     ,   507.087891     ,  -2.87774777     ,   2234.63330     ,  0.337741941    
   9.07999992     ,  0.671051264     ,  0.671051264     ,   496.035248     ,   496.035248     ,  -2.90180182     ,   2214.60254     ,  0.337572068    
   9.06000042     , -0.674446940     ,  0.674446940     ,   481.788055     ,   481.788055     ,  -2.92470336     ,   2217.81177     ,  0.337435544    
   9.03999996     , -0.678335428     ,  0.678335428     ,   466.288727     ,   466.288727     ,  -2.95080066     ,   2160.79980     ,  0.337219507    
   9.02000046     ,  0.682228744     ,  0.682228744     ,   460.060944     ,   460.060944     ,  -2.97686172     ,   2200.55444     ,  0.337150723    
   9.00000000     ,  0.685535729     ,  0.685535729     ,   447.638885     ,   447.638885     ,  -2.99986267     ,   2181.03711     ,  0.337004542    
   8.97999954     , -0.689839959     ,  0.689839959     ,   436.261169     ,   436.261169     ,  -3.02830291     ,   2158.17407     ,  0.336839646    
   8.96000004     , -0.693528593     ,  0.693528593     ,   420.061371     ,   420.061371     ,  -3.05433655     ,   2125.84204     ,  0.336676627    
   8.93999958     ,  0.696201205     ,  0.696201205     ,   413.213104     ,   413.213104     ,  -3.07349300     ,   2112.74292     ,  0.336585909    
   8.92000008     ,  0.699445784     ,  0.699445784     ,   401.821747     ,   401.821747     ,  -3.09503436     ,   2082.66309     ,  0.336462826    
   8.89999962     , -0.703624964     ,  0.703624964     ,   391.516876     ,   391.516876     ,  -3.12515616     ,   2059.66431     ,  0.336326808    
   8.88000011     , -0.707289279     ,  0.707289279     ,   381.827148     ,   381.827148     ,  -3.15039802     ,   2057.33594     ,  0.336214483    
   8.85999966     , -0.710674167     ,  0.710674167     ,   374.943573     ,   374.943573     ,  -3.17584229     ,   2064.08716     ,  0.336119920    
   8.84000015     , -0.713452578     ,  0.713452578     ,   366.657227     ,   366.657227     ,  -3.19500470     ,   2039.52625     ,  0.336028010    
   8.81999969     , -0.716831863     ,  0.716831863     ,   361.196167     ,   361.196167     ,  -3.22074461     ,   2030.60974     ,  0.335962236    
   8.80000019     ,  0.719783902     ,  0.719783902     ,   350.781250     ,   350.781250     ,  -3.24200654     ,   2000.23242     ,  0.335838854    
   8.77999973     ,  0.723225415     ,  0.723225415     ,   344.960144     ,   344.960144     ,  -3.26702762     ,   1991.86926     ,  0.335751534    
   8.76000023     , -0.726046860     ,  0.726046860     ,   345.690643     ,   345.690643     ,  -3.28787208     ,   2004.75378     ,  0.335708261    
   8.73999977     , -0.729371011     ,  0.729371011     ,   336.069794     ,   336.069794     ,  -3.31344008     ,   1988.85693     ,  0.335619867    
   8.72000027     ,  0.732568800     ,  0.732568800     ,   327.780945     ,   327.780945     ,  -3.33621526     ,   1963.16577     ,  0.335518986    
   8.69999981     ,  0.735420227     ,  0.735420227     ,   314.511505     ,   314.511505     ,  -3.35808444     ,   1933.78271     ,  0.335432053    
   8.68000031     , -0.738269508     ,  0.738269508     ,   314.919342     ,   314.919342     ,  -3.37961268     ,   1952.63208     ,  0.335399300    
   8.65999985     , -0.741681635     ,  0.741681635     ,   301.876434     ,   301.876434     ,  -3.40550351     ,   1917.07251     ,  0.335289478    
   8.64000034     ,  0.744293988     ,  0.744293988     ,   304.210052     ,   304.210052     ,  -3.42591357     ,   1949.15967     ,  0.335281432    
   8.61999989     , -0.747320831     ,  0.747320831     ,   296.577728     ,   296.577728     ,  -3.44754481     ,   1919.34802     ,  0.335197061    
   8.60000038     , -0.749750674     ,  0.749750674     ,   286.250000     ,   286.250000     ,  -3.46786404     ,   1858.46387     ,  0.335096836    
   8.57999992     ,  0.752690852     ,  0.752690852     ,   285.227264     ,   285.227264     ,  -3.49070239     ,   1888.00317     ,  0.335108370    
   8.56000042     , -0.755503953     ,  0.755503953     ,   269.903595     ,   269.903595     ,  -3.51352811     ,   1856.16638     ,  0.335026979    
   8.53999996     ,  0.758301497     ,  0.758301497     ,   267.169220     ,   267.169220     ,  -3.53430986     ,   1849.02014     ,  0.334966928    
   8.52000046     , -0.760835648     ,  0.760835648     ,   263.703033     ,   263.703033     ,  -3.55496764     ,   1810.48718     ,  0.334908485    
   8.50000000     ,  0.763486743     ,  0.763486743     ,   262.044128     ,   262.044128     ,  -3.57521605     ,   1792.60901     ,  0.334859699    
   8.47999954     , -0.766147494     ,  0.766147494     ,   259.787750     ,   259.787750     ,  -3.59668303     ,   1822.21228     ,  0.334853411    
   8.46000004     ,  0.768547058     ,  0.768547058     ,   248.995270     ,   248.995270     ,  -3.61610889     ,   1788.81006     ,  0.334799260    
   8.43999958     , -0.771505892     ,  0.771505892     ,   246.978683     ,   246.978683     ,  -3.63999057     ,   1787.69592     ,  0.334754467    
   8.42000008     ,  0.773908675     ,  0.773908675     ,   240.483963     ,   240.483963     ,  -3.65880799     ,   1769.22949     ,  0.334719241    
   8.39999962     ,  0.776725233     ,  0.776725233     ,   237.142868     ,   237.142868     ,  -3.68251038     ,   1741.21338     ,  0.334669143    
   8.38000011     , -0.778815806     ,  0.778815806     ,   234.815033     ,   234.815033     ,  -3.69941235     ,   1774.99548     ,  0.334670722    
   8.35999966     , -0.781283319     ,  0.781283319     ,   226.704559     ,   226.704559     ,  -3.71962142     ,   1728.55493     ,  0.334619612    
   8.34000015     , -0.783852637     ,  0.783852637     ,   224.460434     ,   224.460434     ,  -3.74122572     ,   1735.99243     ,  0.334605604    
   8.31999969     ,  0.786238790     ,  0.786238790     ,   218.644836     ,   218.644836     ,  -3.76007342     ,   1710.54468     ,  0.334561855    
   8.30000019     , -0.788565338     ,  0.788565338     ,   216.701797     ,   216.701797     ,  -3.78040528     ,   1698.24365     ,  0.334525675    
   8.27999973     , -0.790646076     ,  0.790646076     ,   217.753632     ,   217.753632     ,  -3.79787254     ,   1684.52014     ,  0.334503412    
   8.26000023     , -0.793339968     ,  0.793339968     ,   217.357742     ,   217.357742     ,  -3.82038069     ,   1699.89856     ,  0.334478259    
   8.23999977     ,  0.795637488     ,  0.795637488     ,   208.055222     ,   208.055222     ,  -3.83901191     ,   1669.39636     ,  0.334451109    
   8.22000027     ,  0.797641277     ,  0.797641277     ,   215.130768     ,   215.130768     ,  -3.85644102     ,   1675.10242     ,  0.334421694    
   8.19999981     , -0.800032735     ,  0.800032735     ,   202.820129     ,   202.820129     ,  -3.87672162     ,   1634.97925     ,  0.334375829    
   8.18000031     , -0.802799940     ,  0.802799940     ,   199.847183     ,   199.847183     ,  -3.89985466     ,   1627.85950     ,  0.334352255    
   8.15999985     , -0.804534554     ,  0.804534554     ,   197.028183     ,   197.028183     ,  -3.91538548     ,   1615.00403     ,  0.334340721    
   8.14000034     ,  0.806704938     ,  0.806704938     ,   193.811417     ,   193.811417     ,  -3.93338108     ,   1605.20117     ,  0.334302157    
   8.11999989     , -0.808702350     ,  0.808702350     ,   190.963669     ,   190.963669     ,  -3.95095539     ,   1595.46472     ,  0.334281206    
   8.10000038     , -0.810889006     ,  0.810889006     ,   187.361099     ,   187.361099     ,  -3.97021794     ,   1597.62207     ,  0.334274977    
   8.07999992     ,  0.813199699     ,  0.813199699     ,   189.495667     ,   189.495667     ,  -3.99030733     ,   1598.55652     ,  0.334257156    
   8.06000042     ,  0.815010369     ,  0.815010369     ,   186.119720     ,   186.119720     ,  -4.00591803     ,   1575.52832     ,  0.334224552    
   8.03999996     ,  0.817192733     ,  0.817192733     ,   176.430344     ,   176.430344     ,  -4.02463531     ,   1553.85999     ,  0.334191769    
   8.02000046     , -0.819376469     ,  0.819376469     ,   175.031158     ,   175.031158     ,  -4.04375362     ,   1553.65942     ,  0.334177703    
   8.00000000     , -0.821509123     ,  0.821509123     ,   167.437500     ,   167.437500     ,  -4.06296730     ,   1540.68750     ,  0.334163398    
