   4.69999981     ,  -1.01879390E-03 ,  0.184324279     ,   10488.5361     ,   3259.93945     , -0.885858536     ,   639.044861     ,  0.767412901    
   4.67999983     ,  -3.62561690E-03 ,  0.194375977     ,   11556.9141     ,   3486.64136     , -0.899139345     ,   687.299133     ,  0.743446290    
   4.65999985     ,  -1.43548311E-03 ,  0.206807271     ,   12966.0049     ,   3788.49756     , -0.914367378     ,   764.283569     ,  0.719021976    
   4.63999987     ,  -6.78462617E-04 ,  0.215643048     ,   14026.9941     ,   4005.12622     , -0.927098691     ,   820.196472     ,  0.700944245    
   4.61999989     ,  -4.77881636E-03 ,  0.231397614     ,   15918.5293     ,   4333.67578     , -0.946329772     ,   912.458374     ,  0.670046866    
   4.59999990     ,   3.39208520E-03 ,  0.246640623     ,   17873.8691     ,   4652.11035     , -0.965610981     ,   1012.65656     ,  0.644288182    
   4.57999992     ,   3.78421042E-03 ,  0.263984859     ,   20178.4180     ,   4965.82129     , -0.986788511     ,   1118.70374     ,  0.615523994    
   4.55999994     ,   5.58883883E-03 ,  0.281399101     ,   22588.7598     ,   5230.37646     ,  -1.00897205     ,   1242.29028     ,  0.590303242    
   4.53999996     ,   4.67032474E-03 ,  0.304793775     ,   25849.6543     ,   5392.07227     ,  -1.03661752     ,   1363.54053     ,  0.555346727    
   4.51999998     ,   4.80398396E-03 ,  0.325130105     ,   29000.4570     ,   5618.48730     ,  -1.06345844     ,   1502.52820     ,  0.531834483    
   4.50000000     ,  -8.31266341E-04 ,  0.347293049     ,   32521.8789     ,   5719.26025     ,  -1.09269202     ,   1636.82715     ,  0.508342028    
   4.48000002     ,   1.02366786E-02 ,  0.372660697     ,   36619.8359     ,   5644.11963     ,  -1.12571406     ,   1745.12585     ,  0.482171774    
   4.46000004     ,   5.87345427E-03 ,  0.397907048     ,   41005.4883     ,   5513.22168     ,  -1.16049349     ,   1847.19312     ,  0.459840745    
   4.44000006     ,  -1.58614479E-03 ,  0.427495033     ,   46318.6445     ,   5158.85059     ,  -1.20099020     ,   1920.40015     ,  0.436697870    
   4.42000008     ,  -1.88992023E-02 ,  0.451790780     ,   50983.9414     ,   4884.91211     ,  -1.23749185     ,   1989.83691     ,  0.421444476    
   4.40000010     ,  -9.53595713E-03 ,  0.478479594     ,   56398.9922     ,   4387.22656     ,  -1.27828383     ,   1999.54797     ,  0.405167729    
   4.38000011     ,  -1.60322636E-02 ,  0.500954568     ,   61241.1367     ,   4004.05249     ,  -1.31554973     ,   2021.97485     ,  0.393954307    
   4.36000013     ,  -3.59467492E-02 ,  0.525784075     ,   66442.7891     ,   3333.45020     ,  -1.35612953     ,   1947.55530     ,  0.381266028    
   4.34000015     ,  -4.37061451E-02 ,  0.546265066     ,   71307.2734     ,   2990.38721     ,  -1.39421904     ,   1919.37061     ,  0.373632848    
   4.32000017     ,  -6.63843602E-02 ,  0.566994905     ,   75920.8828     ,   2523.57495     ,  -1.43283653     ,   1865.79688     ,  0.366262764    
   4.30000019     ,  -1.14630526E-02 ,  0.583702207     ,   81466.8984     ,   2262.97949     ,  -1.46733630     ,   1834.13989     ,  0.361551255    
   4.28000021     ,   2.25762054E-02 ,  0.600109994     ,   85950.7031     ,   1926.80334     ,  -1.50156283     ,   1758.65515     ,  0.357011110    
   4.26000023     ,  -1.18275769E-02 ,  0.616136253     ,   90738.8906     ,   1658.15723     ,  -1.53685808     ,   1691.97290     ,  0.353121638    
   4.23999977     ,  0.366009444     ,  0.631204128     ,   63792.7891     ,   1421.15283     ,  -1.57127380     ,   1621.07300     ,  0.350088835    
   4.21999979     ,  0.134286955     ,  0.643957675     ,   95295.9844     ,   1303.43604     ,  -1.60279465     ,   1595.25867     ,  0.348177969    
   4.19999981     ,  -8.66979733E-02 ,  0.657019913     ,   102133.430     ,   1143.27380     ,  -1.63511097     ,   1536.63574     ,  0.346099883    
   4.17999983     , -0.614649594     ,  0.668319881     ,   17525.6289     ,   1052.57935     ,  -1.66509652     ,   1508.26453     ,  0.344765276    
   4.15999985     ,  0.678535223     ,  0.678535223     ,   949.932434     ,   949.932434     ,  -1.69243693     ,   1462.64795     ,  0.343463898    
   4.13999987     ,  0.689035892     ,  0.689036846     ,   877.219238     ,   876.894653     ,  -1.72139454     ,   1439.18188     ,  0.342413604    
   4.11999989     , -0.699693263     ,  0.699693263     ,   801.357727     ,   801.357727     ,  -1.75143516     ,   1411.33118     ,  0.341388911    
   4.09999990     ,  0.709172010     ,  0.709172010     ,   739.855225     ,   739.855225     ,  -1.77906907     ,   1375.80310     ,  0.340534598    
   4.07999992     ,  0.718178153     ,  0.718178153     ,   692.348389     ,   692.348389     ,  -1.80590689     ,   1340.81555     ,  0.339838505    
   4.05999994     ,  0.726849318     ,  0.726849318     ,   655.141663     ,   655.141663     ,  -1.83234119     ,   1318.87158     ,  0.339201391    
   4.03999996     , -0.735176384     ,  0.735176384     ,   607.580444     ,   607.580444     ,  -1.85797310     ,   1314.92932     ,  0.338712811    
   4.01999998     ,  0.743275225     ,  0.743275225     ,   568.470154     ,   568.470154     ,  -1.88366568     ,   1307.73364     ,  0.338233262    
   4.00000000     , -0.750667334     ,  0.750667334     ,   551.875000     ,   551.875000     ,  -1.90766382     ,   1298.25000     ,  0.337865770    
   3.98000002     , -0.758207619     ,  0.758207619     ,   509.139435     ,   509.139435     ,  -1.93232381     ,   1303.07629     ,  0.337537736    
   3.96000004     ,  0.765640736     ,  0.765640736     ,   483.080811     ,   483.080811     ,  -1.95721674     ,   1287.67151     ,  0.337207228    
   3.94000006     ,  0.772433877     ,  0.772433877     ,   447.858490     ,   447.858490     ,  -1.98018038     ,   1285.31714     ,  0.336963296    
   3.92000008     , -0.779079616     ,  0.779079616     ,   422.225769     ,   422.225769     ,  -2.00293708     ,   1261.90906     ,  0.336657584    
   3.90000010     , -0.785564959     ,  0.785564959     ,   402.644226     ,   402.644226     ,  -2.02580500     ,   1246.28528     ,  0.336431235    
   3.88000011     ,  0.791794002     ,  0.791794002     ,   362.032837     ,   362.032837     ,  -2.04774189     ,   1231.93213     ,  0.336242557    
   3.85999990     ,  0.797684014     ,  0.797684014     ,   351.505829     ,   351.505829     ,  -2.06902742     ,   1218.92542     ,  0.336020738    
   3.83999991     , -0.803693771     ,  0.803693771     ,   343.326843     ,   343.326843     ,  -2.09097385     ,   1191.33850     ,  0.335827500    
   3.81999993     , -0.809345365     ,  0.809345365     ,   324.018341     ,   324.018341     ,  -2.11175823     ,   1165.09277     ,  0.335624129    
   3.79999995     , -0.814920843     ,  0.814920843     ,   326.019745     ,   326.019745     ,  -2.13276792     ,   1153.25488     ,  0.335472018    
